Sequence	ABBA_1	CDII_1	CMI_1	Dbox_1	GLEBS_1	KARD_1	kinase_1	TPR_1	ABBA_2	CDII_2	ABBA_other	CMI_2	CMI_other	MadaM_1
SPOM_BUB	1	1	1	1	1	1	1	1	0	0	0	0	0	0
ENSPPRP00000011262	1	1	1	0	1	1	1	1	1	1	0	0	0	0
ENSFCAP00000013846	1	1	1	0	1	1	1	1	1	1	0	0	0	0
ENSPTIP00000013038	1	1	1	0	1	1	1	1	1	1	0	0	0	0
ENSNLEP00000001609	1	1	1	0	1	1	1	0	1	1	0	0	0	0
ENSAMEP00000010060	1	1	1	0	1	1	1	1	0	1	0	0	0	0
ENSCCAP00000031157	1	1	1	0	1	1	1	1	1	1	0	0	0	0
ENSTTRP00000002897	1	1	1	0	1	1	1	1	1	1	0	0	0	0
ENSANAP00000006821	1	1	1	0	1	1	1	1	1	1	0	0	0	0
ENSVPAP00000006630	1	1	1	0	0	1	1	1	1	1	0	0	0	0
ENSLAFP00000007193	1	1	1	0	1	1	1	1	0	1	0	0	0	0
ENSDNOP00000004428	1	1	1	0	1	1	1	1	0	1	0	0	0	0
ENSSSCP00000026685	1	1	1	0	1	1	1	1	1	1	0	0	0	0
ENSTSYP00000032445	1	1	1	0	1	1	1	1	1	1	0	0	0	0
ENSCAFP00000037890	1	1	1	0	1	0	1	1	0	1	0	0	0	0
ENSOPRP00000002798	1	1	1	0	1	1	1	0	1	1	0	0	0	0
ENSPPYP00000013551	1	1	1	0	1	1	1	1	1	1	0	0	0	0
ENSCJAP00000024828	1	1	1	0	1	1	1	1	1	1	0	0	0	0
ENSCHIP00000009069	1	1	1	0	1	1	1	1	1	1	0	0	0	0
ENSOARP00000015359	1	1	1	0	1	1	1	1	0	1	0	0	0	0
ENSSBOP00000037898	1	1	1	0	1	1	1	1	1	1	0	0	0	0
ENSBTAP00000028226	1	1	1	0	1	1	1	1	0	1	0	0	0	0
ENSCANP00000034889	1	1	1	0	1	1	1	1	1	1	0	0	0	0
ENSMMUP00000057753	1	1	1	0	1	1	1	1	1	1	0	0	0	0
ENSMFAP00000033014	1	1	1	0	1	1	1	1	1	1	0	0	0	0
ENSGGOP00000046675	1	1	1	0	1	1	1	1	1	1	0	0	0	0
ENSMLEP00000007002	1	1	1	0	1	1	1	1	1	1	0	0	0	0
ENSP00000302530	1	1	1	0	1	1	1	1	1	1	0	0	0	0
ENSPTRP00000074938	1	1	1	0	1	1	1	1	1	1	0	0	0	0
ENSPANP00000039839	1	1	1	0	1	1	1	1	1	1	0	0	0	0
ENSCATP00000000265	1	1	1	0	1	1	1	1	1	1	0	0	0	0
ENSMNEP00000015176	1	1	1	0	1	1	1	1	1	1	0	0	0	0
ENSRROP00000022887	1	1	1	0	1	1	1	1	1	1	0	0	0	0
ENSCSAP00000012944	1	1	1	0	1	1	1	1	1	1	0	0	0	0
ENSRBIP00000009717	1	1	1	0	1	1	1	1	1	1	0	0	0	0
ENSPPAP00000032792	1	1	1	0	1	1	1	1	1	1	0	0	0	0
ENSNGAP00000011074	1	1	1	0	1	0	1	1	0	0	0	0	0	0
ENSPEMP00000024641	1	1	1	0	1	1	1	1	0	1	0	0	0	0
MGP_SPRETEiJ_P0056585	1	1	1	0	1	1	1	1	0	1	0	0	0	0
ENSMUSP00000028858	1	1	1	0	1	1	1	1	0	1	0	0	0	0
MGP_PahariEiJ_P0065455	1	1	1	0	1	1	1	1	0	1	0	0	0	0
ENSRNOP00000042114	1	1	1	0	1	1	1	1	0	1	0	0	0	0
MGP_CAROLIEiJ_P0054478	1	1	1	0	1	1	1	1	0	1	0	0	0	0
ENSEEUP00000009590	1	1	1	0	1	1	1	1	0	1	0	0	0	0
ENSJJAP00000000301	1	1	1	0	1	0	1	1	1	1	0	0	0	0
ENSETEP00000005721	1	1	1	0	0	0	1	1	0	1	0	0	0	0
ENSOGAP00000007020	1	1	1	0	1	1	1	1	1	1	0	0	0	0
ENSMICP00000007578	1	1	1	0	1	1	1	1	1	1	0	0	0	0
ENSPCOP00000026647	1	1	1	0	1	1	1	1	1	1	0	0	0	0
ENSPVAP00000003667	1	1	1	0	1	0	1	1	0	1	0	0	0	0
ENSMAUP00000014016	1	1	1	0	0	1	1	1	0	1	0	0	0	0
ENSCGRP00000023445	1	1	1	0	1	1	1	1	0	1	0	0	0	0
ENSCGRP00001005981	1	1	1	0	1	1	1	1	0	1	0	0	0	0
ENSPCAP00000013692	1	1	1	0	1	1	1	1	0	1	0	0	0	0
ENSECAP00000014839	1	1	1	0	1	1	1	1	1	1	0	0	0	0
ENSTBEP00000007799	1	1	1	0	1	1	1	1	0	0	0	0	0	0
ENSMLUP00000008467	1	1	1	0	1	1	1	1	0	1	0	0	0	0
ENSODEP00000008725	1	1	1	0	1	1	1	1	1	1	0	0	0	0
ENSCAPP00000014015	1	1	0	0	1	0	1	1	1	1	0	0	0	0
ENSCPOP00000011845	1	1	1	0	1	0	1	1	1	1	0	0	0	0
ENSFDAP00000005668	1	1	1	0	1	1	1	1	1	1	0	0	0	0
ENSHGLP00000024779	1	1	1	0	1	1	1	1	1	1	0	0	0	0
ENSHGLP00100017524	1	1	1	0	1	1	1	1	1	1	0	0	0	0
ENSOCUP00000012047	1	1	1	0	1	1	1	0	1	1	0	0	0	0
ENSMPUP00000019507	1	1	1	0	1	1	1	1	0	1	0	0	0	0
ENSMPUP00000009235	1	1	1	0	1	1	1	1	0	1	0	0	0	0
ENSOANP00000019968	1	1	1	0	1	0	1	1	0	1	0	0	0	0
ENSMEUP00000008543	1	1	0	0	1	0	0	1	1	1	0	0	0	0
ENSSARP00000003992	1	1	1	0	1	1	1	0	0	1	0	0	0	0
ENSMOCP00000017859	1	1	1	0	1	1	1	1	0	1	0	0	0	0
ENSCLAP00000008001	1	1	1	0	1	1	1	1	1	1	0	0	0	0
ENSPSIP00000019980	1	1	1	0	1	1	1	1	0	1	0	0	0	0
ENSSHAP00000004325	1	1	1	0	1	0	1	1	1	1	0	0	0	0
ENSMODP00000028612	1	1	1	0	1	0	1	1	1	1	0	0	0	0
ENSDORP00000013735	1	1	1	0	1	1	1	1	0	1	0	0	0	0
ENSXETP00000048599	1	1	1	0	1	1	1	1	0	1	0	0	0	0
ENSTRUP00000037463	1	1	1	0	1	1	1	1	1	1	0	0	0	0
ENSMAMP00000006125	1	1	0	0	0	0	1	0	0	1	0	0	0	0
ENSSPAP00000000943	1	1	1	0	1	1	1	1	1	1	0	0	0	0
ENSLBEP00000027270	1	1	1	0	1	1	1	0	0	1	0	0	0	0
ENSAOCP00000026302	1	1	1	0	1	1	1	1	1	1	0	0	0	0
ENSATEP00000003311	1	1	1	0	1	1	1	1	0	1	0	0	0	0
ENSMZEP00005017775	1	1	1	0	0	1	1	0	0	1	0	0	0	0
ENSHBUP00000000771	1	1	1	0	1	1	1	1	0	1	0	0	0	0
ENSONIP00000023630	1	1	1	0	1	1	1	1	0	1	0	0	0	0
ENSPFOP00000017428	1	1	1	0	1	1	1	0	1	1	0	0	0	0
ENSFHEP00000028205	1	1	1	0	1	1	1	1	1	1	0	0	0	0
ENSSMAP00000014985	1	1	1	0	1	1	1	1	1	1	0	0	0	0
ENSSDUP00000014749	1	1	1	0	1	1	0	1	0	0	0	0	0	0
ENSPKIP00000026704	1	1	1	0	1	1	1	1	0	1	0	0	0	0
ENSORLP00000033248	1	1	1	0	1	1	1	1	0	1	0	0	0	0
ENSORLP00015032245	1	1	1	0	1	1	1	1	0	1	0	0	0	0
ENSORLP00020001297	1	1	1	0	1	1	1	1	0	1	0	0	0	0
ENSMALP00000017883	1	1	1	0	0	1	1	0	0	1	0	0	0	0
ENSSFOP00015030280	1	1	1	0	1	1	1	1	0	1	0	0	0	0
ENSCVAP00000023574	1	1	0	0	0	1	1	0	0	1	0	0	0	0
ENSACAP00000012897	1	1	1	0	1	0	1	1	0	1	0	0	0	0
ENSAPLP00000011725	1	1	1	0	1	0	1	1	0	1	0	0	0	0
ENSFALP00000011989	1	1	1	0	1	0	1	1	0	1	0	0	0	0
ENSTGUP00000007573	1	1	1	0	1	1	1	1	0	1	0	0	0	0
ENSGALP00000013385	1	1	1	0	1	0	1	1	0	1	0	0	0	0
ENSMGAP00000002484	1	1	1	0	1	0	1	1	0	1	0	0	0	0
ENSLOCP00000020635	1	1	1	0	1	0	1	1	0	1	0	0	0	0
ENSDARP00000117438	1	1	1	0	1	1	1	1	0	1	0	0	0	0
OSAT_BUB_B	1	0	1	0	0	0	0	1	1	0	1	1	1	0
ACEY_BUB	1	1	0	1	1	0	1	1	0	0	0	0	0	0
PSTI_BUB	1	1	1	1	1	1	1	1	1	0	1	0	0	0
ABIS_BUB	1	1	1	1	1	1	1	1	1	0	1	0	0	0
PPAT_BUB	1	1	1	0	1	0	1	1	1	0	0	1	1	0
MLAR_BUB	1	1	1	0	1	1	1	1	0	0	0	0	0	1
NGRU_BUB	1	1	0	0	1	0	1	1	0	0	0	0	0	0
TRUB_BUB	1	1	1	0	1	1	1	1	1	0	0	0	0	0
SCER_BUB	1	1	1	0	1	1	1	1	1	0	1	0	0	0
AANO_BUB	1	0	1	0	1	0	0	1	1	0	1	0	0	0
SBAT_BUB	1	1	0	0	0	0	1	1	1	0	0	0	0	0
SMOE_BUB	1	1	1	0	0	0	1	1	1	0	0	0	0	0
ATRI_BUB_B	1	0	1	0	0	0	0	1	1	0	1	1	1	0
BMAL_BUB	1	1	0	0	0	0	1	1	1	0	0	0	0	0
ATHA_BUB_B	1	0	1	0	0	0	0	1	1	0	1	1	1	0
CMIL_BUB	1	1	1	0	1	0	1	1	0	0	0	0	0	0
CELE_BUB	1	1	0	0	1	0	1	1	1	0	0	0	0	0
CGLA_BUB	1	1	1	0	1	1	1	1	0	0	0	0	0	0
ACOE_BUB_B	1	0	1	0	0	0	0	1	1	0	1	1	1	0
GLUX_BUB	1	1	1	0	1	1	1	1	1	0	1	0	0	0
ENSAPOP00000014805	0	1	0	0	0	0	0	0	0	1	0	0	0	0
ENSACIP00000011340	0	1	0	0	0	0	0	0	0	1	0	0	0	0
ENSAPEP00000029759	0	1	0	0	0	0	0	0	0	1	0	0	0	0
ENSACLP00000018094	0	1	0	0	0	0	0	0	0	1	0	0	0	0
ENSNBRP00000007999	0	1	0	0	0	0	0	0	0	1	0	0	0	0
ENSPNYP00000004250	0	1	0	0	0	0	0	0	0	1	0	0	0	0
ENSOMEP00000016528	0	1	1	0	1	1	1	1	0	1	0	0	0	0
ENSSLDP00000028263	0	1	1	0	1	1	1	1	0	1	0	0	0	0
ENSMMOP00000023231	0	1	0	0	0	0	0	0	0	1	0	0	0	0
ENSGAFP00000020884	0	1	0	0	0	0	0	0	0	1	0	0	0	0
ENSXMAP00000040519	0	1	0	0	0	0	0	0	0	1	0	0	0	0
ENSGACP00000017942	0	1	0	0	0	1	0	0	0	0	0	0	0	0
ENSXCOP00000000744	0	1	0	0	0	0	0	0	0	1	0	0	0	0
ENSPLAP00000022418	0	1	0	0	0	0	0	0	0	1	0	0	0	0
ENSPREP00000021030	0	1	0	0	0	0	0	0	0	1	0	0	0	0
ENSPMGP00000025967	0	1	0	0	0	0	0	0	0	1	0	0	0	0
ENSCVAP00000026766	0	1	0	0	0	0	1	0	0	1	0	0	0	0
ENSPMEP00000021364	0	1	0	0	0	0	0	0	0	1	0	0	0	0
ENSKMAP00000028356	0	1	1	0	1	1	1	1	0	1	0	0	0	0
ENSIPUP00000023163	0	1	0	0	0	0	0	0	0	1	0	0	0	0
ENSELUP00000037077	0	1	1	0	1	1	1	1	0	1	0	0	0	0
ENSLACP00000021843	0	1	1	0	1	1	1	1	0	1	0	0	0	0
ENSCSEP00000009220	0	1	0	0	0	1	0	0	0	1	0	0	0	0
ENSHCOP00000006919	0	1	0	0	0	0	1	0	0	1	0	0	0	0
ENSTNIP00000005386	0	1	1	0	1	0	1	1	0	1	0	0	0	0
ENSGMOP00000016912	0	1	0	0	0	0	0	0	0	0	0	0	0	0
ENSPNAP00000037042	0	1	0	0	0	0	0	0	0	1	0	0	0	0
ENSPMAP00000010071	0	1	0	0	1	0	1	1	0	1	0	0	0	0
ENSAMXP00000014357	0	1	1	0	1	1	1	1	0	1	0	0	0	0
ENSCHOP00000011010	0	1	0	0	1	1	1	1	0	0	0	0	0	0
AGAM_BUB	0	1	0	0	1	0	1	1	0	0	0	0	0	0
DMEL_BUB	0	1	0	0	1	0	1	1	0	0	0	0	0	0
ALAI_BUB	0	1	0	0	1	0	1	1	0	0	0	0	0	0
RMIC_BUB	0	1	0	0	1	0	1	1	0	0	0	0	0	0
ATRI_BUB_A	0	1	0	0	0	0	1	1	0	0	0	0	0	0
ACOE_BUB_A	0	1	0	0	0	0	1	1	0	0	0	0	0	0
OSAT_BUB_A	0	1	0	0	0	0	1	1	0	0	0	0	0	0
ATHA_BUB_A	0	1	0	0	0	0	1	1	0	0	0	0	0	0
ESIL_BUB	0	1	0	0	0	0	1	1	0	0	0	0	0	0
MCIR_BUB	0	1	0	0	1	0	1	1	0	0	0	0	0	0
ENSAPOP00000014789	0	0	0	0	0	0	0	1	0	0	0	0	0	0
ENSMAMP00000006426	0	0	0	0	0	0	0	1	0	0	0	0	0	0
ENSPREP00000021048	0	0	0	0	0	0	0	1	0	0	0	0	0	0
ENSSDUP00000014731	0	0	0	0	0	0	1	0	0	0	0	0	0	0
ENSGMOP00000016926	0	0	0	0	0	0	1	0	0	0	0	0	0	0
ENSGACP00000017945	0	0	0	0	0	0	1	0	0	0	0	0	0	0
ENSLBEP00000004905	0	0	0	0	0	0	1	0	0	0	0	0	0	0
ENSEBUP00000007820	0	0	0	0	0	0	1	0	0	0	0	0	0	0
PBLA_BUB	0	0	0	0	1	0	1	1	0	0	0	0	0	0
