Sequence	ABBA_3	CDII_1	CDII_2	TPR_1	kinase_1	GLEBS_1	CMI_1	KARD_1	PLKBD_1	ABBA_4
ENSUAMP00000012945	1	1	1	1	1	1	1	1	1	0
ENSUMAP00000016029	1	1	1	1	1	1	1	1	1	0
ENSPPRP00000011262	1	1	1	1	1	1	1	1	1	1
ENSFCAP00000013846	1	1	1	1	1	1	1	1	1	1
ENSPTIP00000013038	1	1	1	1	1	1	1	1	1	1
ENSAMEP00000010060	1	1	1	1	1	1	1	1	1	0
ENSLCNP00005024168	1	1	1	1	1	1	1	1	1	1
ENSSSUP00005004105	1	1	1	1	1	1	1	1	1	0
ENSTTRP00000002897	1	1	1	1	1	1	1	1	1	1
ENSNLEP00000001609	1	1	1	0	1	1	1	1	1	1
ENSMMSP00000020359	1	1	1	1	1	1	1	1	1	1
ENSVVUP00000038483	1	1	1	1	1	1	1	1	1	0
ENSCAFP00020024980	1	1	1	1	1	1	1	1	1	0
ENSCDRP00005029764	1	1	1	1	1	1	1	1	1	1
ENSPCTP00005013327	1	1	1	1	1	1	1	1	1	1
ENSCCAP00000031157	1	1	1	1	1	1	1	1	1	1
ENSVPAP00000006630	1	1	1	1	1	0	1	1	1	1
ENSLAFP00000007193	1	1	1	1	1	1	1	1	1	0
ENSDNOP00000004428	1	1	1	1	1	1	1	1	1	0
ENSTSYP00000032445	1	1	1	1	1	1	1	1	1	1
ENSSSCP00000072094	1	1	1	1	1	1	1	1	1	1
ENSCWAP00000024071	1	1	0	1	1	1	1	1	1	0
ENSOPRP00000002798	1	1	1	0	1	1	1	1	1	1
ENSANAP00000006821	1	1	1	1	1	1	1	1	1	1
ENSCHIP00000009069	1	1	1	1	1	1	1	1	1	1
ENSOARP00000015359	1	1	1	1	1	1	1	1	1	1
ENSBTAP00000028226	1	1	1	1	1	1	1	1	1	1
ENSBBBP00000017838	1	1	1	1	1	1	1	1	1	1
ENSBIXP00000018377	1	1	1	1	1	1	1	1	1	1
ENSBIXP00005012329	1	1	1	1	1	1	1	1	1	1
ENSBGRP00000042811	1	1	1	1	1	1	1	1	1	0
ENSCJAP00000024828	1	1	1	1	1	1	1	1	1	1
ENSPPYP00000013551	1	1	1	1	1	1	1	1	1	1
ENSCAFP00000059679	1	1	1	1	1	1	1	1	1	0
ENSCAFP00030025946	1	1	1	1	1	1	1	1	1	0
ENSCAFP00040015729	1	1	1	1	1	1	1	1	1	0
ENSSBOP00000037898	1	1	1	1	1	1	1	1	1	1
ENSMMUP00000049419	1	1	1	1	1	1	1	1	1	1
ENSCANP00000034889	1	1	1	1	1	1	1	1	1	1
ENSPTEP00000025598	1	1	1	1	1	1	1	1	1	1
ENSMFAP00000033014	1	1	1	1	1	1	1	1	1	1
ENSMLEP00000007002	1	1	1	1	1	1	1	1	1	1
ENSGGOP00000046675	1	1	1	1	1	1	1	1	1	1
ENSPANP00000039839	1	1	1	1	1	1	1	1	1	1
ENSCATP00000000265	1	1	1	1	1	1	1	1	1	1
ENSTGEP00000001292	1	1	1	1	1	1	1	1	1	1
ENSMNEP00000015176	1	1	1	1	1	1	1	1	1	1
ENSP00000302530	1	1	1	1	1	1	1	1	1	1
ENSPTRP00000074938	1	1	1	1	1	1	1	1	1	1
ENSCSAP00000012944	1	1	1	1	1	1	1	1	1	1
ENSRROP00000022887	1	1	1	1	1	1	1	1	1	1
ENSRBIP00000009717	1	1	1	1	1	1	1	1	1	1
ENSPPAP00000032792	1	1	1	1	1	1	1	1	1	1
ENSNGAP00000011074	1	1	0	1	1	1	1	0	0	0
ENSPEMP00000024641	1	1	1	1	1	1	1	1	1	1
MGP_PahariEiJ_P0065455	1	1	1	1	1	1	1	1	1	1
ENSMSIP00000021894	1	1	1	1	1	1	1	1	1	1
MGP_SPRETEiJ_P0056585	1	1	1	1	1	1	1	1	1	1
ENSMUSP00000028858	1	1	1	1	1	1	1	1	1	1
ENSRNOP00000042114	1	1	1	1	1	1	1	1	1	1
MGP_CAROLIEiJ_P0054478	1	1	1	1	1	1	1	1	1	1
ENSEEUP00000009590	1	1	1	1	1	1	1	0	1	0
ENSJJAP00000000301	1	1	1	1	1	1	1	0	1	1
ENSETEP00000005721	1	1	1	1	1	0	1	0	1	0
ENSNVIP00000020770	1	1	1	1	1	0	1	1	1	0
ENSBMUP00000033083	1	1	1	1	1	1	1	1	1	1
ENSMICP00000007578	1	1	1	1	1	1	1	1	1	1
ENSPCOP00000026647	1	1	1	1	1	1	1	1	1	1
ENSRFEP00010024575	1	1	1	1	1	1	1	1	1	0
ENSPVAP00000003667	1	1	1	1	1	1	1	0	0	0
ENSOGAP00000007020	1	1	1	1	1	1	1	1	1	1
ENSMAUP00000014016	1	1	1	1	1	0	1	1	1	1
ENSCGRP00000023445	1	1	1	1	1	1	1	1	1	1
ENSCGRP00001005981	1	1	1	1	1	1	1	1	1	1
ENSCGRP00015019480	1	1	1	1	1	1	1	1	1	1
ENSMMMP00000001896	1	1	1	1	1	1	1	1	1	0
ENSPCAP00000013692	1	1	1	1	1	1	1	1	0	0
ENSTBEP00000007799	1	1	0	1	1	1	1	1	1	0
ENSECAP00000014839	1	1	1	1	1	1	1	1	1	1
ENSMLUP00000008467	1	1	1	1	1	1	1	1	1	1
ENSPSMP00000024154	1	1	1	1	1	1	1	1	1	1
ENSMPUP00000019507	1	1	1	1	1	1	1	1	1	0
ENSMPUP00000009235	1	1	1	1	1	1	1	1	1	0
ENSOCUP00000031964	1	1	1	1	1	1	1	1	1	1
ENSMUGP00000024564	1	1	1	1	1	1	1	1	1	1
ENSMOCP00000017859	1	1	1	1	1	1	1	1	1	1
ENSODEP00000008725	1	1	1	1	1	1	1	1	1	1
ENSCAPP00000014015	1	1	1	1	1	1	0	0	1	1
ENSCPOP00000011845	1	1	1	1	1	1	1	0	1	1
ENSFDAP00000005668	1	1	1	1	1	1	1	1	1	1
ENSHGLP00000024779	1	1	1	1	1	1	1	1	1	1
ENSHGLP00100017524	1	1	1	1	1	1	1	1	1	1
ENSOANP00000019968	1	1	1	1	1	1	1	0	1	0
ENSMEUP00000008543	1	1	1	1	0	1	0	0	1	1
ENSSARP00000003992	1	1	1	0	1	1	1	1	1	1
ENSCLAP00000008001	1	1	1	1	1	1	1	1	1	1
ENSPSIP00000019980	1	1	1	1	1	1	1	1	1	0
ENSSHAP00000004325	1	1	1	1	1	1	1	0	1	1
ENSVURP00010020587	1	1	1	1	1	1	1	0	1	1
ENSPCIP00000006012	1	1	1	1	1	1	1	0	1	1
ENSMODP00000028612	1	1	1	1	1	1	1	0	1	1
ENSGAGP00000017633	1	1	1	0	1	1	1	1	1	0
ENSXETP00000048599	1	1	1	1	1	1	1	1	1	0
ENSTRUP00000037465	1	1	1	1	1	1	0	1	0	1
ENSSPAP00000000943	1	1	1	1	1	1	1	1	0	1
ENSLCRP00005004785	1	1	1	1	1	1	1	1	0	1
ENSLBEP00000027270	1	1	1	0	1	1	1	1	0	0
ENSENLP00000034426	1	1	1	1	1	1	1	0	0	0
ENSAOCP00000026302	1	1	1	1	1	1	1	1	0	1
ENSATEP00000003311	1	1	1	1	1	1	1	1	0	1
ENSNMLP00000044318	1	1	1	1	1	1	1	0	0	0
ENSPRNP00000019515	1	1	1	0	1	1	1	1	1	0
ENSPFOP00000017428	1	1	1	0	1	1	1	0	1	1
ENSSMAP00000014985	1	1	1	1	1	1	1	1	0	1
ENSMZEP00005017775	1	1	1	0	1	0	1	1	1	0
ENSHBUP00000000771	1	1	1	1	1	1	1	1	1	0
ENSOABP00000042840	1	1	1	1	1	1	1	1	0	0
ENSONIP00000073314	1	1	1	1	1	1	1	1	0	0
ENSSDUP00000014749	1	1	0	1	0	1	1	1	0	0
ENSHHUP00000071008	1	1	1	1	1	1	1	1	0	0
ENSPKIP00000026704	1	1	1	1	1	1	1	0	0	0
ENSFHEP00000028205	1	1	1	1	1	1	1	0	0	0
ENSLCAP00010039465	1	1	1	1	1	1	1	1	0	0
ENSMALP00000017883	1	1	1	0	1	0	1	1	0	0
ENSCVAP00000023574	1	1	1	0	1	0	0	1	0	0
ENSSSAP00000113710	1	1	1	1	1	1	1	1	0	0
ENSSTUP00000103904	1	1	1	1	1	1	1	1	0	0
ENSMMDP00005024340	1	1	1	1	1	1	1	1	0	0
ENSHHUP00000042374	1	1	1	1	1	1	1	1	0	0
ENSORLP00000033248	1	1	1	1	1	1	1	1	0	0
ENSORLP00015032245	1	1	1	1	1	1	1	1	0	0
ENSORLP00020001297	1	1	1	1	1	1	1	1	0	0
ENSSFOP00015030280	1	1	1	1	1	1	1	0	1	0
ENSCMIP00000034926	1	1	1	1	1	1	1	0	1	0
ENSPVIP00000017644	1	1	1	1	1	1	1	0	1	0
ENSACAP00000012897	1	1	1	1	1	1	1	0	1	0
ENSSHBP00005004514	1	1	1	1	1	1	1	1	1	0
ENSACCP00020008478	1	1	1	1	1	1	1	1	1	0
ENSANIP00000013839	1	1	1	1	1	1	1	1	1	0
ENSACOP00000022272	1	1	1	1	1	1	1	1	1	0
ENSARWP00000016314	1	1	1	1	1	1	1	1	1	0
ENSAOWP00000024078	1	1	1	1	1	1	1	1	1	0
ENSAHAP00000022510	1	1	1	1	1	1	1	1	1	0
ENSSCUP00000022546	1	1	1	1	1	1	1	1	1	0
ENSMVIP00005014880	1	1	1	1	1	1	1	0	1	0
ENSDNVP00000002095	1	1	1	1	1	1	1	1	1	0
ENSSMRP00000019205	1	1	1	1	1	1	1	0	1	0
ENSCPGP00000014681	1	1	1	1	1	1	1	1	1	0
ENSCPUP00000007201	1	1	1	1	1	1	1	1	1	0
ENSACDP00005024784	1	1	1	1	1	1	1	1	1	0
ENSABRP00000013128	1	1	1	1	1	1	1	1	1	0
ENSAPLP00000011725	1	1	1	1	1	1	1	1	1	0
ENSNPEP00000000079	1	1	1	1	1	1	1	1	1	0
ENSFALP00000011989	1	1	1	1	1	1	1	0	1	0
ENSEGOP00005004079	1	1	1	1	1	1	1	1	1	0
ENSPMJP00000018478	1	1	1	1	1	1	1	1	1	0
ENSCCEP00000009769	1	1	1	1	1	1	1	1	1	0
ENSSCAP00000020158	1	1	1	1	1	1	1	1	1	0
ENSJHYP00000010551	1	1	1	1	1	1	1	1	1	0
ENSTGUP00000007573	1	1	1	1	1	1	1	1	1	0
ENSCPRP00005017280	1	1	1	1	1	1	1	0	1	0
ENSCJPP00005019558	1	1	1	1	1	1	1	1	1	0
ENSPSTP00000000883	1	1	1	1	1	1	1	1	1	0
ENSPCLP00000015259	1	1	1	1	1	1	1	1	1	0
ENSGALP00000013385	1	1	1	1	1	1	1	1	1	0
ENSCPIP00010000660	1	1	1	1	1	1	1	1	1	0
ENSMGAP00000002484	1	1	1	1	1	1	1	1	1	0
ENSLOCP00000020635	1	1	1	1	1	1	1	0	1	0
ENSEASP00005007313	1	1	1	1	1	1	0	1	1	0
ENSCCRP00010099823	1	1	1	1	1	1	1	1	0	0
ENSCCRP00020050342	1	1	1	1	1	1	0	1	0	0
ENSDARP00000117438	1	1	1	1	1	1	1	1	0	0
ENSSRHP00000063746	1	1	1	1	1	1	1	1	0	0
ENSSDAP00000012078	0	1	1	0	1	0	0	0	0	0
ENSDORP00000013735	0	1	1	1	1	1	1	1	0	0
ENSNMEP00000013176	0	1	1	1	1	1	1	1	1	0
ENSCABP00000029353	0	1	1	0	1	0	0	0	0	0
ENSSTUP00000102544	0	1	1	0	0	0	0	0	0	0
ENSACUP00000012858	0	1	1	0	1	0	0	0	0	0
ENSACIP00000011340	0	1	1	0	0	0	0	0	0	0
ENSSTUP00000054069	0	1	1	0	1	0	0	0	0	0
ENSAPOP00000014805	0	1	1	0	0	0	0	0	0	0
ENSACLP00000018094	0	1	1	0	0	0	0	0	0	0
ENSNBRP00000007999	0	1	1	0	0	0	0	0	0	0
ENSPNYP00000004250	0	1	1	0	0	0	0	0	0	0
ENSCPBP00000015375	0	1	1	1	1	1	1	1	1	0
ENSAPEP00000029759	0	1	1	0	0	0	0	0	0	0
ENSMUNP00000004327	0	1	1	1	1	1	1	0	1	0
ENSOMEP00000016528	0	1	1	1	1	1	1	1	0	0
ENSSAUP00010006466	0	1	1	1	1	1	1	1	0	0
ENSSLDP00000028263	0	1	1	1	1	1	1	1	0	0
ENSSPUP00000014793	0	1	1	1	1	1	1	0	1	0
ENSGWIP00000005232	0	1	1	0	0	0	0	0	0	0
ENSMMOP00000023231	0	1	1	0	0	0	0	0	0	0
ENSSORP00005003452	0	1	1	0	0	0	0	0	0	0
ENSGWIP00000011124	0	1	1	0	1	0	0	0	0	0
ENSGAFP00000020884	0	1	1	0	0	0	0	0	0	0
ENSLSDP00000019602	0	1	1	1	1	1	0	0	1	0
ENSIPUP00000023163	0	1	1	0	0	0	0	0	0	0
ENSXMAP00000040519	0	1	1	0	0	0	0	0	0	0
ENSSFAP00005017548	0	1	1	0	0	0	0	0	0	0
ENSKMAP00000028356	0	1	1	1	1	1	1	1	0	0
ENSVKKP00000021377	0	1	1	0	1	0	0	0	0	0
ENSPLAP00000022418	0	1	1	0	0	0	0	0	0	0
ENSPREP00000021030	0	1	1	0	0	0	0	0	0	0
ENSXCOP00000000744	0	1	1	0	0	0	0	0	0	0
ENSZALP00000010814	0	1	1	1	1	1	0	0	1	0
ENSPMEP00000021364	0	1	1	0	0	0	0	0	0	0
ENSCVAP00000026766	0	1	1	0	1	0	0	0	0	0
ENSELUP00000037077	0	1	1	1	1	1	1	1	0	0
ENSPMGP00000025967	0	1	1	0	0	0	0	0	0	0
ENSLACP00000021843	0	1	1	1	1	1	1	0	0	0
ENSPMRP00000035074	0	1	1	1	1	1	1	0	1	0
ENSSANP00000082482	0	1	1	0	1	0	0	1	0	0
ENSSGRP00000046660	0	1	1	0	1	0	0	1	0	0
ENSHCOP00000006919	0	1	1	0	1	0	0	0	0	0
ENSTNIP00000005386	0	1	1	1	1	1	1	0	0	0
ENSCCRP00015082246	0	1	1	0	1	0	0	0	0	0
ENSCSEP00000009220	0	1	1	0	0	0	0	0	0	0
ENSECRP00000023327	0	1	1	1	1	1	1	1	1	0
ENSAMXP00005036906	0	1	1	1	1	1	1	1	0	0
ENSAMXP00000014357	0	1	1	1	1	1	1	1	0	0
ENSPNAP00000037042	0	1	1	0	0	0	0	0	0	0
ENSEEEP00000051405	0	1	1	1	1	1	0	1	0	0
ENSDCDP00000020405	0	1	1	0	0	0	0	0	0	0
ENSPMAP00000010071	0	1	1	1	1	1	0	0	1	0
ENSCHOP00000011010	0	1	0	1	1	1	0	1	1	0
ENSCCNP00000005031	0	0	0	1	0	0	0	0	0	0
ENSSDAP00000012090	0	0	0	1	0	0	0	0	0	0
ENSAPOP00000014789	0	0	0	1	0	0	0	0	0	0
ENSPTXP00000005490	0	0	0	1	0	0	0	0	0	0
ENSMAMP00000006426	0	0	0	1	0	0	0	0	0	0
ENSPREP00000021048	0	0	0	1	0	0	0	0	0	0
ENSNSUP00000022027	0	0	0	1	0	0	0	0	0	0
ENSCCNP00000002440	0	0	0	0	1	0	0	0	0	0
ENSTMTP00000004734	0	0	0	0	1	0	0	0	0	0
ENSLCOP00000014119	0	0	0	0	1	0	0	0	0	0
ENSPTXP00000005491	0	0	0	0	1	0	0	0	0	0
ENSNSUP00000022029	0	0	0	0	1	0	0	0	0	0
ENSSDUP00000014731	0	0	0	0	1	0	0	0	0	0
ENSGMOP00000016926	0	0	0	0	1	0	0	0	0	0
ENSGACP00000017945	0	0	0	0	1	0	0	0	0	0
ENSLBEP00000004905	0	0	0	0	1	0	0	0	0	0
ENSEBUP00000007820	0	0	0	0	1	0	0	0	0	0
ENSBMUP00000008675	0	0	0	0	1	0	0	0	0	0
