6.680527895530278260e-01
1.017665698213122250e+00
2.235537902417310541e+00
5.341898111124817605e-01
1.339738342799591697e+00
1.613978761531075889e+00
1.484025564349501725e+00
1.688946822091347499e+00
1.292726029980937330e+00
1.133869285113010106e+00
1.119357471080389743e+00
2.615114496968988234e-01
4.232991146834408913e-01
1.075538571146129385e+00
1.158934329805751950e+00
8.924350460615549929e-01
1.041773232267016347e+00
1.541044493524109382e-01
1.357466484086678804e+00
1.541044493524114378e-01
1.430357475977814152e+00
2.078627288679187057e-01
2.078627288679183449e-01
2.078627288679184004e-01
1.168199873224315066e+00
1.253249651434617640e+00
2.669379625678642287e-01
1.044270681749875695e+00
8.956151390419972991e-01
2.025234302704775058e-01
1.635834948827767032e+00
9.217423536053226396e-01
3.968749073161161878e-01
9.906833492906578220e-01
3.563162380691717868e-01
1.053350406701607733e+00
1.292341158088786912e+00
9.064779798176324510e-01
5.224228354968832866e-01
9.028609374062531723e-01
1.235111626402166651e+00
1.427477545609817655e+00
1.522712830575445153e+00
1.323340790403314760e+00
7.417891840638106693e-01
1.585316248649238924e+00
1.484849795772874126e+00
4.591995030521308641e-01
8.094879460215592681e-02
4.524531151345504432e-01
1.288734794745721501e+00
1.344105722259328062e-01
8.762891746915613123e-01
5.956011093287616465e-01
1.431917959444142907e+00
8.094879460215603784e-02
6.292208255499753822e-01
1.335573041359872981e+00
1.142998664624224059e+00
6.292208255499754932e-01
8.638713123806320837e-01
8.094879460215562150e-02
7.211857150233317304e-01
1.293733274605659123e+00
8.094879460215603784e-02
7.978960773190412192e-01
8.094879460215570477e-02
2.747466229341261612e-01
7.892662271279705655e-01
9.898926835760948340e-01
7.603127958194959568e-01
8.024737268496899556e-02
9.857804985753506610e-01
5.995078225560219742e-01
8.886837180585334117e-01
4.179873002013678174e-01
9.399028707438041863e-01
1.298081945823701400e+00
9.765623959181329861e-01
8.114563947854525061e-01
1.249846130524396637e+00
8.943617019660466960e-01
1.246169640898393549e+00
6.108715611609895069e-01
7.530737591856965230e-01
4.152177581785436167e-01
7.897647520299716506e-01
6.807932626444609392e-01
4.160755906997961051e-01
7.684326590453152139e-01
1.095437567645311194e+00
1.152237054008218076e+00
1.101000819233972083e-01
4.175732119168011902e-01
-0.000000000000000000e+00
1.116955620601192134e+00
1.762258738146442072e+00
1.162209196474108142e+00
5.257535118316141176e-01
1.830371018262404892e+00
7.111782093746663591e-01
8.024737268496845433e-02
1.055109865872690289e+00
6.179607847452553981e-01
8.024737268496845433e-02
1.332830070861824867e-01
1.225569243275410392e+00
1.087993640979201926e+00
2.426751890639889386e-01
9.687366916825617125e-01
1.981404472527314331e+00
9.025954742923857355e-01
2.271051382607601754e-01
1.430789804778375807e+00
1.490422381073150504e+00
5.532614422574407831e-01
1.382504221773376951e+00
8.166330478716773977e-02
1.529780961424461072e+00
7.330132329710531414e-01
4.244912073860769297e-01
1.155637413879184505e+00
9.306640053834355220e-01
8.141386812800993633e-01
3.316368084453729659e-01
9.159650614346257491e-01
1.255360035220029813e+00
4.890155306879692687e-01
5.671447984133277664e-01
1.416298715737843439e-01
7.268187236415896146e-01
8.544592414651154544e-02
1.495623278306112747e+00
2.838279924536635246e-01
1.803727651299745771e+00
2.408221482539830149e-01
6.071200236954295004e-01
5.534705590180213353e-01
1.205427679414348141e+00
5.414542222529451498e-01
1.269071382771814305e+00
1.319508116641704643e+00
8.963525595529047152e-01
4.924536674084174503e-01
1.726450443690693559e+00
1.169163917092619798e+00
1.701312200176680722e+00
1.598369892111296986e+00
1.671313313025777791e+00
1.328590598623727637e+00
1.486178198406288731e+00
1.532309298889012794e+00
1.524611271434414883e+00
1.644263098282825464e+00
1.336512079515411289e+00
1.075385123268909116e+00
1.365940191199223497e+00
1.350339951533364502e+00
1.580049242430221490e+00
1.197558610845004923e+00
4.139722777847892887e-01
3.236291875631435722e-01
1.189226077267577342e+00
1.160909203741168350e+00
1.530862727149391755e+00
1.010022533234758102e+00
1.650908443032436335e+00
1.641724421579737747e+00
3.236291875631436277e-01
4.139722777847892887e-01
8.903306746070922539e-01
1.992160571098131827e+00
1.306701198040061351e+00
1.614857420137830069e+00
1.402203476304474172e+00
1.341778089292293252e+00
1.522877831149388683e+00
1.461856595527232905e+00
1.509419278891750871e+00
1.115410702330093873e+00
1.379291682306034605e+00
1.756542600113595975e+00
8.899228124073714774e-01
1.101273263787519108e+00
1.718733441358851088e+00
1.152728763077185636e+00
9.797900710044978867e-01
9.374683710026290306e-01
4.493911500368724110e-01
7.731205055856518182e-01
9.788777945747264564e-01
1.480260843158422324e+00
1.706109061425082007e+00
1.089540789033222268e+00
9.704963894353746401e-01
1.439836565152252001e+00
1.657580972792272123e+00
6.929653857057868072e-01
1.242573021375892761e+00
1.391327842749016108e+00
1.546529048415028251e+00
1.332995080313389868e+00
1.111197821698981514e+00
1.577660359839739623e+00
1.528026168081112912e+00
1.610913700537315085e+00
1.540330008880044677e+00
8.008355075090405339e-01
1.536245629217316333e+00
1.212276717742169385e+00
8.961302922928962023e-01
1.141630251183074707e+00
1.577708640126308737e+00
4.053151596639306131e-01
1.500656961485151986e-01
2.752945689744771274e-01
2.506527309497030287e-01
9.647279660673099277e-01
1.142032075473087716e+00
1.431538992232501695e+00
1.495572029717751050e+00
1.707395404274487882e+00
1.372809389294811888e+00
9.308134175680454758e-01
1.356620770310324353e+00
1.152498830282454589e+00
1.496425359291979840e+00
1.099021954382498611e+00
1.505606773163405077e+00
1.352982038623194772e+00
1.488585594702954484e+00
1.211027993854866480e+00
3.534100640983364183e-01
5.358791479652748047e-01
1.246838180340641866e+00
1.991236400804731188e-01
1.474956179503395248e-01
1.085907192864604465e+00
2.911198475490512916e-01
1.302517707823088955e+00
1.012829467737223821e+00
1.474956179503400244e-01
7.920167838745731936e-01
9.723999038287397534e-01
9.118201925336785196e-01
1.089290665563242611e+00
1.474956179503398301e-01
1.474956179503403575e-01
8.571237270295618549e-01
3.910798097931370010e-01
1.474956179503403575e-01
1.474956179503403575e-01
1.474956179503403575e-01
4.160897289642934149e-01
1.474956179503398301e-01
1.991236400804735074e-01
1.171303237487126392e+00
3.075776496554461503e-01
9.166018017878068136e-01
1.340772962880714569e+00
1.124313948171796307e+00
1.281530517468650432e+00
7.438139065442225251e-01
9.871141362936106667e-01
1.055331056937286904e+00
1.225403085542592363e+00
9.945334707841437805e-01
8.604948498950184543e-01
1.033385876943077708e+00
1.083292807661003110e+00
3.451529328558359255e-01
1.038619482108507519e+00
8.140072496584537243e-01
1.326704780152068608e+00
1.135643370034539190e+00
1.302004522941436315e+00
9.152703039078098346e-01
1.020717125921081436e+00
3.975802882249588333e-01
3.080448205120212557e-01
1.039761238373671404e+00
1.410762081683846869e+00
1.271570829800323432e+00
1.076305029926456491e+00
4.324553297370010707e-01
1.042504497374695527e+00
3.594573266713963489e-01
1.003148713740286357e+00
2.152672867081238672e-01
1.006293654166190876e+00
5.606418493301159600e-01
6.339950036890756868e-01
9.702794591353862685e-01
1.052128589097038436e+00
9.003798979012549442e-01
2.080191376124056191e-01
1.174502255844239285e+00
1.077499219586307788e+00
1.294338706486895862e+00
9.686600634055273495e-01
1.499580170684520208e+00
1.433939192205353486e+00
1.285340461146353030e+00
1.465542100375855528e+00
8.764411474444312455e-01
1.029522478948118103e+00
1.206782322854788481e+00
1.522019962580827945e+00
8.202693653963415432e-01
1.978111584229641506e+00
1.640045743391601807e+00
1.372565310171732555e+00
1.597105006757416179e+00
2.006062219175853478e+00
1.116995000652645231e+00
1.708730162134626474e+00
1.640183255509903626e+00
1.483616702497175144e+00
1.398527892693202990e+00
7.436016854857299130e-01
1.749907187367924610e+00
6.807888866675902984e-01
1.014361090289348288e+00
1.722866582653393985e+00
1.580738335288386809e+00
1.714805236089002705e+00
9.927280246483555226e-01
1.347241060087209785e+00
1.468996521362894825e+00
1.599317069622381515e+00
1.263927135063545482e+00
1.055241524319713964e+00
9.228099570521852701e-01
1.280716132377421879e+00
1.440652162152039839e+00
1.604979821605317714e+00
9.680053721915283793e-01
9.638718868338305157e-01
1.713989750633948539e+00
1.226329459827653956e+00
1.336387120051839572e+00
1.767606123835293364e+00
2.073361137324972070e+00
2.135346096800097904e+00
1.065575274356056257e+00
1.227646594689400850e+00
1.582289447591148868e+00
1.695600717585098227e+00
2.062848748261933096e+00
1.390072952018275076e+00
1.763262134936094849e+00
1.679832703926910753e+00
1.660334132020156339e+00
1.816254477751733543e+00
8.083182711179474067e-01
1.475521426068612474e+00
1.676167039722521679e+00
1.636570620053747760e+00
1.702049948644979382e+00
5.841942840326781461e-01
1.498851388441844401e+00
1.347705866962587651e+00
6.208784955447432807e-01
1.622172269320698801e+00
2.079509709121467154e+00
1.157257781202716496e+00
1.580428828210328263e+00
1.344765558901608538e+00
1.877289790602781672e+00
1.420426234624246664e+00
1.661449026271792473e+00
1.771038043233091219e+00
1.280731123173152408e+00
1.435074424926942704e+00
1.612785872352462402e+00
6.436594921941652947e-01
1.313183769383853727e+00
2.059741673282371899e+00
1.567310817164838888e+00
6.346038892506057350e-01
1.122471067185218718e+00
1.515730621942393830e+00
1.602625890344049120e+00
1.432725247948640535e+00
7.174465565956513746e-01
1.301890107719400058e+00
9.599883685054233506e-01
9.352895799121669906e-01
1.702742899086476136e+00
1.851101232494184234e+00
1.560073936257374339e+00
1.806326878140195769e+00
1.594350857815793221e+00
1.190946017400972279e+00
1.355561957249723060e+00
1.753518495540978606e+00
1.959484202294242916e+00
1.575019788567537438e+00
1.498509243472656127e+00
1.811918713831228933e+00
1.967718932523174757e+00
1.937885148956768777e+00
1.129384798282651703e+00
8.525143208106273907e-01
1.735515134145308336e+00
1.928331067007677646e+00
1.458459864127734651e+00
1.532468988226364681e+00
1.507267052895551629e+00
1.192853651995403164e+00
1.398942787201846949e+00
1.373084255012817501e+00
1.491512173200188585e+00
9.239181525645957516e-01
8.604898312941977601e-01
6.598750188163261532e-01
1.053096769647618336e+00
1.512859698696301880e+00
1.502985394808807218e+00
1.630926598531670768e+00
1.742478182184564517e+00
1.377248534793257484e+00
1.546525470343414144e+00
7.086908133371654372e-01
7.828378795444727034e-01
1.292877970956435307e+00
1.456644911688341537e+00
1.186223448947144377e+00
1.404001651863768352e+00
1.494249391631863100e+00
1.004164047906131785e+00
1.506308270956600914e+00
1.430738955415730818e+00
1.394516463034473741e+00
1.328473929478504179e+00
1.077628624114298050e+00
1.103652550560145551e+00
9.914028006536941273e-01
7.860636540570271613e-01
1.075216538547515643e+00
7.955867571814428940e-02
7.955867571814428940e-02
7.955867571814440042e-02
7.955867571814428940e-02
1.321754811695925458e-01
3.713325672491118445e-01
2.308493297393494070e-01
1.596008537389839388e+00
1.140985656556422478e+00
3.853403425962284023e-01
3.971784553877301671e-01
7.955867571814428940e-02
1.321754811695925458e-01
7.625121759541684252e-01
6.416518344090242909e-01
4.851578166884577548e-01
1.991236400804728135e-01
1.462452788647522206e-01
1.462452788647521096e-01
1.462452788647522206e-01
1.462452788647519430e-01
1.462452788647519430e-01
2.730973956191562468e-01
1.462452788647519430e-01
2.730973956191560803e-01
1.462452788647525537e-01
1.462452788647527757e-01
1.462452788647523316e-01
2.730973956191563579e-01
4.679745005600893792e-01
7.166837900562169628e-01
7.955867571814440042e-02
7.433224381187651941e-01
6.168700446595212217e-01
7.955867571814449757e-02
2.252817785618314028e-01
1.103218303936920996e+00
3.227054476712204467e-01
1.300376682867278255e+00
7.688651605370020459e-01
5.258916248700626905e-01
8.831971039002061152e-01
1.605687161648704508e+00
6.005971811345650613e-01
6.214966060816458082e-01
7.050336074427215882e-01
9.510737907640307576e-01
6.304282663964370093e-01
9.643224450693608230e-01
6.944436552164195975e-01
1.304644852330559157e+00
1.079042188134695213e+00
3.850170350862286428e-01
1.349178002863943959e+00
1.141975917902955828e+00
1.143904221602293214e+00
7.381121863789786852e-01
9.446181662273718249e-01
1.288052094459024577e+00
2.252817785618315971e-01
3.747309702031144663e-01
7.159504117731213535e-01
1.149646751084363538e+00
9.354760824963136434e-01
9.676935913175434001e-01
3.529914666791268418e-01
1.274587025481999314e+00
1.426392045728411162e+00
1.881014298254759964e+00
1.065231352221891026e+00
1.302622232888199338e+00
7.405318581887330165e-01
1.398361763438187078e+00
1.085468600652011117e+00
9.780042688101836523e-01
1.120090274859998569e+00
7.634874176281466474e-01
1.617303905109901185e+00
6.091944500798884832e-01
1.361771920408484160e+00
1.277303069855853179e+00
8.570642638659633494e-01
1.177299706713812455e+00
1.393742147727351499e+00
1.026841724862542993e+00
9.781916621957820190e-01
1.862206496352163121e-01
1.489061284005889663e+00
7.895814171755133337e-01
1.332830070861824312e-01
3.776132865928752413e-01
1.862206496352161733e-01
7.896793336309870792e-01
7.849999296802021576e-01
2.327719661140492946e-01
1.862206496352163121e-01
1.332830070861822092e-01
1.423438455197805208e+00
7.718246828087782507e-01
1.021154462445044597e+00
6.323925597270296795e-01
5.354896227799951225e-01
1.255086471690703531e+00
7.982477753596538550e-01
9.543395475928417859e-01
3.351752387210144013e-01
1.000878977405505577e+00
1.527299395205096610e+00
9.307078219839564071e-01
1.216516623755759863e+00
3.505901756288690163e-01
9.452861941613844854e-01
1.090623599233959018e+00
2.821195078221525043e-01
3.913639319463567690e-01
5.616665398848531554e-01
8.725752885620252641e-01
1.512807188024279270e+00
1.054534333604477458e+00
1.210627292767817442e+00
1.618160823678431504e+00
1.407190973951646384e+00
1.242813974356671514e+00
5.056123763641088287e-01
9.769273202876801454e-01
1.269019878960084613e+00
1.087058565018861778e+00
4.053151596639307797e-01
1.190339285337444375e+00
1.424093009813194532e+00
1.577431309663155146e+00
1.405820055035237548e+00
1.748217329178730628e+00
2.485958292600092823e-01
9.765945426740766377e-01
1.734505415147043150e+00
3.396988696657856077e-01
1.974690500631786916e-01
1.176977948651906969e+00
4.129318986361116828e-01
4.866237526642280820e-01
1.462452788647518320e-01
1.210218901834997807e+00
1.614343367247934813e+00
1.132116634012063416e+00
8.422999719892667603e-01
5.631014989762368472e-01
5.128942229588315804e-01
6.995600605456755439e-01
1.462452788647523316e-01
2.377402222788175812e-01
8.488727594660770981e-01
5.361488887967780226e-01
1.462452788647522206e-01
1.264044283283844550e+00
1.061061043729339515e+00
1.055276697932912011e+00
9.286804292030218511e-01
4.916555808402298111e-01
1.462452788647525537e-01
1.082531049955560931e+00
1.467360124847505443e+00
3.240272345725181413e-01
2.730973956191563579e-01
7.693524570137442176e-01
3.748570847566375930e-01
8.260434455118242925e-01
1.462452788647521096e-01
1.462452788647519430e-01
1.462452788647522206e-01
1.974690500631785806e-01
1.025084394339863536e+00
1.453799325939439724e+00
1.197044146529963049e+00
1.155144339339287285e+00
1.564320780235913810e+00
1.876498245318738656e+00
1.082489257701102048e+00
1.870173740006548346e+00
1.630324449049518565e+00
1.633881544167528066e+00
8.369791227124647737e-01
6.157087499186917334e-01
7.773141439427335708e-01
6.319748733020692510e-01
9.160384146391560289e-01
1.096997085946135542e+00
1.526151418803634918e+00
1.301387886080793255e+00
8.457918139211456632e-01
1.750296790784488188e+00
1.466677706446891216e+00
1.846635914515917243e+00
1.520502846290768595e+00
1.422591669949678561e+00
1.205487331088472613e+00
1.391196971965737772e+00
6.747949513900159957e-01
9.522912567582934029e-01
1.205110788229600383e+00
1.313504702527147128e+00
7.828052361392875413e-01
1.016668471517840899e+00
1.264211859931942294e+00
2.018147961680264668e+00
1.644294609544987296e+00
1.561139157395682098e+00
1.034597573764786560e+00
1.515732382651502563e+00
7.660043676344406860e-01
1.842622362637617472e+00
1.321890181526419017e+00
2.844356179471999591e-01
1.009815348734437679e+00
3.480931174385382687e-01
5.498382217169415220e-01
1.186693463322392228e+00
1.395464387547771024e+00
5.714521680398381154e-01
1.701817917790891865e+00
1.373913295264451495e+00
1.299163437356070760e+00
7.886473583338918791e-01
1.341216460753020812e+00
1.726070544592677614e+00
1.451839976419382117e+00
1.650093944190596407e+00
1.654705637731856083e+00
1.672788082697056478e+00
1.670228105336488023e+00
1.705513784308036351e+00
7.937002227562673928e-01
1.220689574373789554e+00
8.758600109312545401e-01
9.569075439769462177e-01
8.145746590293966305e-01
1.426180472062155369e+00
1.569028483847640487e+00
1.946324073673134869e+00
1.403793702272975619e+00
1.283717440600493198e+00
1.151630454045542873e+00
8.158140440806305183e-01
1.480464145373951323e+00
1.757695564962312718e+00
1.046018678210903996e+00
5.438505129065850374e-01
1.606139605563290385e+00
1.832648807520695033e+00
1.161992078715313514e+00
1.410655396000636941e+00
1.404034523421553882e+00
1.817023210590855919e+00
9.838215752395371716e-01
1.003689385112273902e+00
1.514432492891068405e+00
4.565249723808036952e-01
3.127972299832511571e-01
1.390545015424503150e+00
7.280775641971474199e-01
8.666804294580044976e-01
6.527380412680475752e-01
1.444903365285461483e+00
1.173065627291348667e+00
1.714063354944252771e+00
8.407604065782408043e-01
1.658527570583735233e+00
1.038803648435119964e+00
1.096266333663121983e+00
8.278014330667101683e-01
8.185361092534835237e-01
1.723294352253153638e+00
1.589634974989530880e+00
1.552528176069259302e+00
1.599390130913381114e+00
1.478075499337008880e+00
1.259631714917645473e+00
1.768707868562185981e+00
1.513100028016489240e+00
1.593441506447823564e+00
1.272734214412315934e+00
2.155369536491234861e+00
1.616386842787088440e+00
5.964052860833830572e-01
1.887993248667462209e+00
1.554634488520903135e+00
1.327502734942422213e+00
1.528678979851855191e+00
1.615994393494633696e+00
1.763316774627809336e+00
1.649844966123093393e+00
1.841692676378222648e+00
1.412942663409978872e+00
1.380808856699797138e+00
1.261639335668993223e+00
1.377792968026663845e+00
1.499133650170498155e+00
4.238500523169259071e-01
7.615931614509562353e-01
3.243532857574975004e-01
1.321754811695925458e-01
7.955867571814423389e-02
1.846962064989498831e-01
1.389559060669626867e+00
1.668657901185568670e+00
7.955867571814440042e-02
1.846962064989497443e-01
1.966561519912662037e+00
7.263644982577666109e-01
6.921287431893078379e-01
7.955867571814440042e-02
3.130516219632358821e-01
1.356183815602665321e+00
1.462452788647523316e-01
8.021710066473587419e-01
5.597211653901238426e-01
1.974690500631781920e-01
1.099551187603835078e+00
1.371542951824440859e+00
9.789897844127015691e-01
5.315522156581843349e-01
1.343117761647057540e+00
3.051670371015904881e-01
1.391917270832532694e+00
7.393481062821192218e-01
4.412575407615585976e-01
1.974690500631778312e-01
1.738630203131384500e+00
1.246663769937982558e+00
1.555685572366916736e+00
6.472365235275321371e-01
2.080191376124057301e-01
1.641628132107298521e+00
5.135511046151545189e-01
1.039319792417871202e+00
1.132688502035619882e+00
4.715293596937898957e-01
1.150019321356839930e+00
6.199856665893401786e-01
1.219455719514281000e+00
1.526979698297474375e+00
4.867118271555347930e-01
3.708302565588806332e-01
6.418685080553243605e-01
1.935294340564438276e+00
1.283496523781612941e+00
1.304291404945017163e+00
1.468517541224040324e+00
4.575317981122349331e-01
7.576371030331285894e-01
1.230511843278875972e+00
6.327182798714267031e-01
8.542656479572132699e-01
1.462452788647525537e-01
3.240272345725180303e-01
1.462452788647525537e-01
1.462452788647527757e-01
1.462452788647525537e-01
1.462452788647527757e-01
8.185439453361339490e-01
1.974690500631780532e-01
2.377402222788166097e-01
7.939924716751682876e-01
7.576371030331288114e-01
9.492740486887636386e-01
1.626847510444789258e+00
1.229364478472599664e+00
8.711932333888479096e-01
1.363061667747493821e+00
1.063392119512978740e+00
9.418325644086409376e-01
1.592250905739167166e+00
9.716487788891167154e-01
8.343918811136261660e-01
9.336024135954960057e-01
6.869328281087457855e-01
1.462452788647523594e-01
1.017376374310808629e+00
1.257652560434644462e+00
6.542338389521882291e-01
1.462452788647523594e-01
1.874958546987771646e-01
1.101000819233972222e-01
5.509857601988667891e-02
1.101000819233972083e-01
4.886975364301988090e-01
5.098828085634409257e-01
6.794285536797197711e-01
-0.000000000000000000e+00
-0.000000000000000000e+00
-0.000000000000000000e+00
-0.000000000000000000e+00
1.316915565324176529e-01
7.978571497039826932e-01
3.968339061260361400e-01
1.092224620066531843e-01
5.465882361802750639e-02
1.227701130757423043e+00
2.198079808360744736e-01
-0.000000000000000000e+00
1.502308041526548843e-01
1.356709281945843060e+00
1.860619782361528918e-01
9.842323634742322636e-01
1.540049767179767271e+00
1.063713775867334732e+00
1.860619782361529195e-01
6.893247944282657746e-01
6.628467104726170067e-01
7.133376321976274692e-01
1.263503773332630420e+00
2.964306316334576752e-01
3.564232186740834973e-01
2.483328967315825975e-01
1.316915565324176529e-01
-0.000000000000000000e+00
7.611433432607579430e-01
-0.000000000000000000e+00
7.822813034781253005e-01
1.860619782361528918e-01
-0.000000000000000000e+00
3.397639679452300054e-01
9.168545161548846689e-01
4.866534613552433997e-01
8.172451353148190156e-01
4.498210004711091226e-01
1.030105842445864450e+00
2.046012258563901787e-01
6.138852215314549721e-01
1.143113062189734297e+00
6.323955440330355504e-01
4.288088793659934894e-01
1.101000819233972222e-01
3.207532052602302119e-01
3.748349110982532872e-01
5.554607526889177027e-02
4.312927120452221819e-01
4.699257913644861451e-01
1.742664769143864312e-01
7.781397863979309104e-01
1.332830070861820149e-01
3.790698896094668036e-01
9.325974454052924356e-01
8.612395551586412568e-01
4.238582967840777704e-01
2.271051382607600644e-01
1.332830070861821814e-01
3.035802857951999667e-01
1.321754811695926290e-01
1.321754811695925458e-01
2.252817785618314028e-01
8.241359664073834024e-01
2.705788432729390180e-01
2.407996837741591678e-01
1.112051162986915198e+00
1.161518338734214506e+00
1.321754811695927401e-01
4.007201158778409544e-01
1.369280991828426108e+00
1.082902219783528519e+00
8.353137892357904715e-01
2.252817785618315138e-01
1.491924299094792739e+00
2.252817785618314861e-01
9.137984727636131455e-01
4.036476203653274197e-01
8.820032055671244153e-01
9.480435501415180877e-01
7.955867571814449757e-02
1.493850538838449538e+00
3.130516219632361041e-01
1.294416879403230913e+00
1.846962064989497443e-01
1.321754811695926290e-01
1.321754811695927123e-01
2.930263284575546079e-01
7.955867571814448369e-02
2.705788432729391291e-01
7.955867571814440042e-02
7.955867571814428940e-02
1.321754811695927123e-01
1.321754811695926290e-01
2.252817785618315971e-01
7.628955427155358349e-01
4.604632867403522511e-01
2.252817785618315971e-01
1.124196917794519024e+00
8.342601510456215674e-01
2.252817785618315971e-01
1.321754811695926568e-01
6.995005807155695310e-01
1.006949930980879371e+00
4.547982674720006391e-01
1.791312518009288590e+00
1.546517704582874408e+00
2.930263284575544969e-01
1.023580651952435971e+00
8.470017950489971970e-01
6.839747282570241005e-01
1.009206899331118290e+00
1.846962064989498553e-01
7.955867571814440042e-02
1.050626003351448068e+00
3.640014777754457809e-01
2.485958292600091435e-01
1.462452788647526647e-01
4.129318986361117938e-01
1.462452788647525537e-01
1.474956179503398301e-01
1.991236400804728135e-01
1.991236400804732298e-01
1.474956179503404408e-01
3.003961526699942541e-01
7.220530498298298738e-01
1.991236400804731188e-01
1.474956179503403575e-01
2.506527309497032507e-01
9.176332883179683098e-01
1.474956179503403575e-01
1.991236400804727302e-01
1.445753676716378777e+00
1.974690500631784973e-01
2.887690307124234357e-01
7.759373663326222248e-01
7.959453808451615320e-01
1.462452788647526647e-01
5.712262592132811845e-01
1.462452788647519430e-01
1.462452788647521096e-01
1.974690500631785806e-01
1.462452788647525537e-01
1.462452788647521096e-01
1.462452788647526647e-01
1.136551830562912535e+00
2.080191376124054248e-01
2.080191376124056191e-01
4.571338148375957977e-01
9.548670193137361872e-01
1.294330626253451966e+00
6.419288040700158460e-01
3.579097822226822156e-01
2.080191376124060909e-01
5.865074133952528079e-01
3.156142335521288089e-01
3.156142335521287534e-01
9.855205855905289081e-01
-0.000000000000000000e+00
1.092224620066531843e-01
5.465882361802750639e-02
-0.000000000000000000e+00
6.825051718913741627e-01
-0.000000000000000000e+00
2.730412500209943305e-01
-0.000000000000000000e+00
5.479334849536341423e-01
1.316915565324176529e-01
-0.000000000000000000e+00
1.642237201927040369e-01
2.184960721694841901e-01
1.092224620066531843e-01
-0.000000000000000000e+00
2.762048795278822522e-01
-0.000000000000000000e+00
-0.000000000000000000e+00
7.259859111491751005e-01
2.762048795278822522e-01
3.397639679452300054e-01
4.563526079020949755e-01
3.722979200893234419e-01
1.131690100965252688e+00
5.465882361802750639e-02
1.261983053641422714e+00
4.633498771247051007e-01
1.502308041526548843e-01
2.483779738898431733e-01
3.564564004623499982e-01
2.861285222278123763e-01
1.511450999986095223e+00
5.465882361802750639e-02
2.730412500209943305e-01
-0.000000000000000000e+00
7.820303057636464050e-01
7.746347028670736989e-01
6.621921818682969807e-01
1.067383786947259772e+00
7.534950757809970590e-01
9.910488058307800330e-01
-0.000000000000000000e+00
1.437552355053118402e+00
3.834033875788750434e-01
5.509857601988667891e-02
-0.000000000000000000e+00
9.728509408865407826e-01
1.220632664964434788e+00
6.779087256441980180e-01
1.101000819233972083e-01
-0.000000000000000000e+00
2.500740314662458497e-01
1.874958546987771368e-01
7.419290585237678926e-01
3.815122392336786628e-01
7.975817557590683116e-01
9.260152190360330104e-01
2.062168596486245731e-01
1.101000819233972083e-01
3.921116293577556200e-01
5.509857601988667891e-02
1.363528648837792900e+00
1.429550468188143686e+00
2.473301305679190265e-01
1.514124257897191961e-01
1.268638300243997152e+00
7.429871708198045877e-01
5.509857601988667891e-02
7.763830835367744321e-01
1.369463099631797354e+00
1.418504720767119309e+00
2.237180760658337708e-01
8.936370234684243297e-01
1.440256405294793485e+00
9.997433064005549763e-01
1.101000819233972222e-01
1.221570537157779190e+00
1.137381569071417742e+00
6.914268637346465685e-01
1.514124257897191961e-01
8.430751383477202987e-01
1.626897695808724675e+00
3.526240850044898845e-01
5.317329740615355238e-01
7.092635078639220048e-01
5.509857601988667891e-02
5.509857601988667891e-02
8.822846029731488127e-01
2.286091256180715903e-01
1.514124257897191683e-01
-0.000000000000000000e+00
8.045992917982285331e-01
5.509857601988667891e-02
1.343860661090948483e+00
2.198079808360744458e-01
2.198079808360744458e-01
1.926257384611746726e-01
2.062168596486245731e-01
5.554607526889177027e-02
