1.763262645400606454e-01
9.221605733719180631e-02
3.153962874226616808e-01
1.267165253512542833e+00
7.341081514638012617e-01
1.840826879303073538e-01
3.110478035746455650e-01
1.386370323958516781e+00
2.396927963329588129e-01
7.252708224032677897e-01
1.101532392529991133e+00
1.738965505262752009e-01
4.811540142955888499e-01
7.685681821995352658e-01
2.512612517451797700e-01
4.439284935921000153e-01
1.036633987867776607e+00
7.319724303999558535e-01
1.035234668304073402e+00
6.289017050193829172e-01
-0.000000000000000000e+00
-0.000000000000000000e+00
-0.000000000000000000e+00
-0.000000000000000000e+00
1.654434960862748716e-01
-0.000000000000000000e+00
-0.000000000000000000e+00
-0.000000000000000000e+00
1.326914208398717598e-01
1.326914208398717598e-01
-0.000000000000000000e+00
-0.000000000000000000e+00
1.326914208398717598e-01
1.650035469771690688e-01
-0.000000000000000000e+00
-0.000000000000000000e+00
9.243236554731204535e-01
2.911317483299399322e-01
4.347235681624585513e-01
4.408164470795529755e-01
-0.000000000000000000e+00
1.514124257897191961e-01
7.874657130783963011e-01
2.502216765873810367e-01
-0.000000000000000000e+00
2.237180760658337708e-01
5.509857601988667891e-02
5.612757351852277754e-01
1.182218694052434182e+00
8.865045078506953447e-01
1.435327676977955713e+00
8.918189980551866070e-01
8.702663390812455102e-01
8.487531331733925155e-01
1.095813904450450682e+00
3.044720233159616818e-01
6.811635055899778468e-01
7.702047259835967941e-01
1.874958546987771646e-01
7.703921202184794703e-01
8.233278138043457206e-01
1.474956179503403575e-01
1.474956179503403575e-01
6.741182334446648161e-01
1.991236400804733131e-01
3.266227510231472508e-01
1.474956179503398301e-01
2.506527309497035283e-01
1.991236400804725915e-01
1.266264970737989382e+00
1.474956179503403575e-01
1.093412576708390649e+00
1.474956179503404408e-01
1.991236400804728968e-01
1.991236400804731188e-01
1.474956179503404408e-01
1.991236400804727302e-01
1.474956179503395248e-01
6.361822693699192843e-01
1.474956179503398301e-01
8.024737268496845433e-02
8.024737268496867637e-02
1.221622631974130568e+00
8.024737268496845433e-02
1.862206496352160623e-01
2.426751890639892717e-01
8.024737268496857923e-02
1.043118481401944075e+00
7.454491215546819038e-01
8.024737268496857923e-02
2.426751890639888554e-01
8.024737268496878739e-02
8.024737268496878739e-02
8.024737268496869025e-02
4.036476203653275863e-01
2.726452800346517713e-01
1.332830070861822092e-01
7.780327956784330867e-01
6.649981882670499278e-01
8.462078067020570860e-01
8.533706702254064691e-01
7.955867571814440042e-02
7.955867571814449757e-02
-0.000000000000000000e+00
-0.000000000000000000e+00
1.642237201927040369e-01
1.010907819997430401e+00
2.588735778331703319e-01
1.942046923860770158e-01
1.018616181415834543e+00
9.786459324030403195e-01
6.628467104726170067e-01
8.802864942913440904e-01
3.672185070858359213e-01
-0.000000000000000000e+00
1.911420573018281222e-01
1.447836955499386402e+00
-0.000000000000000000e+00
4.243541917272957154e-01
-0.000000000000000000e+00
6.583848463576058574e-01
1.316915565324176529e-01
7.403147549705759722e-01
1.092224620066531843e-01
5.465882361802750639e-02
1.316915565324176529e-01
-0.000000000000000000e+00
7.419678705027079602e-01
2.407996837741594454e-01
1.515679105068220345e+00
1.095172332656012548e+00
2.485958292600094210e-01
7.258461002784972749e-01
1.974690500631785250e-01
1.462452788647522206e-01
1.462452788647523316e-01
2.377402222788174979e-01
8.723736557642250977e-01
2.377402222788166097e-01
3.958701012161713884e-01
1.462452788647518320e-01
3.240272345725178083e-01
3.396988696657855522e-01
9.520193560992424864e-01
1.974690500631781087e-01
8.320242715980155079e-01
1.462452788647524704e-01
1.974690500631785806e-01
1.227767230052815739e+00
9.843901267592551907e-01
2.371198913533328900e-01
7.955867571814459471e-02
8.517118638980394341e-01
6.995005807155696420e-01
7.955867571814423389e-02
1.321754811695926290e-01
8.233568216151028185e-01
7.955867571814423389e-02
2.084993126455679524e-01
7.955867571814449757e-02
7.134168752936925761e-01
7.917724212512545767e-01
7.955867571814449757e-02
4.454509004769494629e-01
3.533401135700158235e-01
7.299667724329179652e-01
7.258484149782913342e-01
6.282526751959724987e-01
6.673318310560865108e-01
2.084993126455676749e-01
7.955867571814459471e-02
1.728580937074484791e-01
1.799102930976490766e+00
3.451529328558359255e-01
3.012135091717347835e-01
7.955867571814428940e-02
4.148162345781537530e-01
7.955867571814449757e-02
1.021231154079097925e+00
9.334571890280644046e-01
1.136015688168478643e+00
4.422536071450329231e-01
7.955867571814459471e-02
2.371198913533330288e-01
7.955867571814428940e-02
5.719766024267998183e-01
7.556017004740435139e-01
7.433224381187651941e-01
7.955867571814440042e-02
4.890838654481173275e-01
5.977899869002837319e-01
8.298457391994624732e-01
1.846962064989498553e-01
3.243532857574975004e-01
5.361707149857738441e-01
2.080191376124054248e-01
2.580809397403243666e-01
8.200541475718589046e-01
2.080191376124057578e-01
2.580809397403245886e-01
3.827912820659893356e-01
3.080448205120216443e-01
4.966623550840666423e-01
6.402781215802124670e-01
7.375983500708646057e-01
8.343268308978298853e-01
1.151375006300599635e+00
4.145302071233679109e-01
4.508479312865871780e-01
1.114452426000447138e+00
1.448048421829386312e+00
1.333266973069688666e+00
9.340839836388111772e-01
1.495438171447089681e+00
1.275050239216311221e+00
1.416232651719074198e+00
1.544467543113591912e+00
1.340746636972280470e+00
1.589579775828241504e+00
1.271943176896253025e+00
1.213854783688035788e+00
3.827912820659893911e-01
3.396988696657852191e-01
1.462452788647521096e-01
5.679175270883125570e-01
7.447086205450506036e-01
1.462452788647523316e-01
2.377402222788174146e-01
7.892980024015660012e-01
1.462452788647523316e-01
1.462452788647523594e-01
9.216504739656433687e-01
7.939924716751682876e-01
1.462452788647525537e-01
1.974690500631783030e-01
2.485958292600090325e-01
1.058044739674422363e+00
7.998816744146179936e-01
9.539782186901890615e-01
4.356277623070106131e-01
1.462452788647522206e-01
3.347446498747572718e-01
1.084222904903057172e+00
1.462452788647521096e-01
4.916555808402297556e-01
1.462452788647525537e-01
1.276109539983199426e+00
5.753928004833918086e-01
5.753928004833912535e-01
4.873474769083907532e-01
9.710448363466621657e-01
1.798199696660361946e+00
1.194584767564327521e+00
7.761076382495752934e-01
9.430382638292323927e-01
4.922903701526261111e-01
1.114944906088121801e+00
8.536069851682108744e-01
4.134145542114935901e-01
1.055853639417550394e+00
1.082545790469777502e+00
1.710876934533832827e+00
1.050482023604591975e+00
5.396206348348370208e-01
4.205083541264723057e-01
1.493989191811888606e+00
1.270780175626020414e+00
1.028486131773771017e+00
9.716689503120015114e-01
1.281998317979001545e+00
1.202546566083459334e+00
9.091388260091417539e-01
1.084942201834127706e+00
3.272967406790252554e-01
-0.000000000000000000e+00
-0.000000000000000000e+00
-0.000000000000000000e+00
1.128272752373360721e-01
1.222917092629004276e+00
9.378873717161456680e-01
1.210971018491569406e+00
7.801941600520778675e-01
3.092174098770890667e-01
1.365480931093755679e+00
1.048950815162466021e+00
3.117689546731534644e-01
1.300169803527694956e+00
9.757709227487545434e-01
1.661180304461188584e+00
1.091271734733428644e+00
8.807140210004698044e-01
1.396373656075759584e+00
4.188381458359310416e-01
9.300423791017491393e-01
-0.000000000000000000e+00
1.573581836105486298e+00
2.802663945764207742e-01
4.028627642491593996e-01
-0.000000000000000000e+00
1.220198149365596674e+00
1.208493718966632269e+00
4.502695023530781659e-01
5.210096625674961457e-01
1.101000819233972083e-01
5.509857601988667891e-02
9.650896073594732172e-02
1.650035469771690688e-01
4.815898106419026492e-01
1.075101649617248745e+00
3.834033875788750434e-01
2.422002468055214908e-01
3.836503919327032275e-01
5.509857601988667891e-02
3.451745949728996510e-01
1.487393747509688779e+00
5.836202868582400782e-01
4.785963504544793468e-01
8.323478119968819033e-01
1.738965505262752009e-01
1.738965505262752009e-01
8.565531246503430562e-01
4.946572268084116208e-01
8.377164296703771829e-01
6.362958042707174133e-01
1.329547422051525762e+00
1.488740010252946444e+00
1.597132965963957041e+00
1.527034940943915897e+00
4.688122216853041202e-01
1.770592405377227951e+00
1.882832001384741938e+00
1.141068711352054343e+00
8.085125388893691367e-01
4.610066434579487837e-01
2.014699354125474962e+00
1.833418111404770290e+00
6.530693300645082910e-01
2.473301305679190265e-01
8.312738254424628659e-01
1.650035469771690688e-01
6.373751616825367172e-01
1.650035469771690688e-01
2.968035657654807813e-01
1.101000819233972222e-01
4.410992259913295577e-01
2.046012258563901787e-01
9.545110874804623169e-01
6.001880311842375804e-01
3.700257636453370136e-01
5.377860714613424964e-01
8.061867180282437095e-01
9.076450778114102391e-01
5.892240748217605351e-01
1.321754811695925458e-01
7.955867571814428940e-02
1.846962064989500496e-01
1.728580937074483403e-01
1.321754811695926290e-01
3.853403425962286244e-01
2.252817785618314028e-01
3.533401135700158791e-01
4.148162345781538640e-01
1.846962064989497443e-01
9.907066866321450060e-01
8.060014217787632163e-01
1.321754811695926568e-01
1.321754811695925180e-01
9.127376364804503650e-01
1.728580937074482293e-01
1.321754811695926568e-01
7.955867571814428940e-02
1.078356017369698883e+00
2.930263284575544969e-01
3.896729206581786009e-01
2.046012258563901787e-01
6.550369454697544391e-01
1.860619782361528918e-01
7.065967431151989331e-01
5.465882361802750639e-02
5.599553796708367503e-01
1.636899727072169408e-01
1.860619782361528918e-01
5.465882361802750639e-02
9.683413891211496427e-01
8.836201377906456322e-01
4.826739129303406761e-01
2.905939051045164367e-01
1.183887658514752639e+00
1.073008096868840688e+00
8.606754186965708264e-01
4.211252859094433143e-01
2.745123729428187720e-01
2.588735778331703319e-01
1.092224620066531843e-01
1.060318912749561360e+00
1.055106912507252082e+00
5.465882361802750639e-02
1.942046923860770158e-01
-0.000000000000000000e+00
-0.000000000000000000e+00
5.832460046251197738e-01
2.592101851186883188e-01
7.886039694759654495e-01
9.576329345209114163e-02
2.046012258563901787e-01
5.509857601988667891e-02
1.860619782361528918e-01
9.498021415009124668e-01
-0.000000000000000000e+00
-0.000000000000000000e+00
1.654434960862748716e-01
5.541932202345564162e-01
-0.000000000000000000e+00
-0.000000000000000000e+00
1.860619782361529195e-01
-0.000000000000000000e+00
-0.000000000000000000e+00
7.955867571814449757e-02
9.265219077869892850e-01
7.729243213630880849e-01
4.422536071450329231e-01
2.371198913533329178e-01
3.333148200643344383e-01
8.580459194935585732e-01
5.970834393648175586e-01
1.085698326695140992e+00
1.280286849989027642e+00
1.127385586772548187e+00
1.728580937074484791e-01
1.066839505858749870e+00
2.911198475490515136e-01
1.148084279034740973e+00
1.018623748639715387e+00
1.118991649347721662e+00
1.259132060802938602e+00
6.047467154180762305e-01
1.276904742341735899e+00
5.820818661944729966e-01
1.004184754366874044e+00
9.632587481888129632e-01
3.905287198499052814e-01
8.435919111048244545e-01
6.097117172599635371e-01
7.189704878645835073e-01
9.720050040971631722e-01
1.974690500631783863e-01
2.485958292600092823e-01
3.854734707864103105e-01
9.649437970544980647e-01
2.887690307124237687e-01
4.757681456830364919e-01
7.566420182401456529e-01
3.559968872857105504e-01
4.496853928462992700e-01
8.104265328577886507e-01
1.303237575050852026e+00
1.187490151704350572e+00
1.385483701501355691e+00
1.369940746026850675e+00
1.258778916915764157e+00
7.501517165228751560e-01
1.060139626085666364e+00
1.042086464397033563e+00
1.842044389327314624e+00
1.872507763546850557e+00
1.157940938028766409e+00
3.640014777754453368e-01
1.381059155829345908e+00
1.528740027685947300e+00
8.936312592797159837e-01
2.006858529632610910e+00
1.718145129502910429e+00
1.550912626898732993e+00
1.510148543328118098e+00
1.092546671857838492e+00
7.900885047163354047e-01
1.085350516805506649e+00
1.256898577511454729e+00
1.381695204344884464e+00
1.153036969676530132e+00
1.475797347028788842e+00
8.621252525795720656e-01
8.760187265322197936e-01
9.165018490581310351e-01
1.670916966249184954e+00
1.140501251405311001e+00
1.407463319874240337e+00
1.517210217330486666e+00
1.918551592926170724e+00
1.460123060818484308e+00
1.065838481489241873e+00
1.860597736592415785e+00
1.536885303099260858e+00
1.287899524273172114e+00
1.143882649251156680e+00
1.420402853229845608e+00
1.127611435186475886e+00
1.041083364943641287e+00
1.433734487877450059e+00
1.577345939421355370e+00
1.410490223205477900e+00
1.193218027597393593e+00
1.565815491405067261e+00
1.279629638180769469e+00
1.522851081241996862e+00
1.427410474374712690e+00
9.365060378723090162e-01
1.575058258654939536e+00
1.408126383259901360e+00
1.046294489844815656e+00
1.417387749817459186e+00
6.277601276901891847e-01
8.895445289753554086e-01
1.328648114794232171e+00
1.546571805919802589e+00
1.217027663728908582e+00
1.387519603651635069e+00
1.186240523717095874e+00
6.847626063354299575e-01
1.663423484887023074e+00
1.125662952929679772e+00
1.760130862704897714e+00
1.592000577631992098e+00
1.253953476755275354e+00
1.402929801596954018e+00
1.884664036320532698e+00
9.713033962178586611e-01
2.685267549377975960e-01
6.695441574012797048e-01
3.695428344996820047e-01
2.685267549377976515e-01
3.728431966669639719e-01
2.174652647417020246e-01
1.151371792847321274e+00
1.260746866863299065e+00
1.567877840052690708e+00
9.786242256934651884e-01
1.123816954052780925e+00
1.123089534422799574e+00
1.435767604200403058e+00
1.253622687262214486e+00
1.982007115324770030e+00
7.137609752089395521e-01
1.464094488563414842e+00
1.058102265096173555e+00
1.078264245321590042e+00
1.179336211310893168e+00
1.373634407083147435e+00
1.777492972478977862e+00
1.463687634265507853e+00
1.380259241661426772e+00
1.322722663412230215e+00
1.121182622265638917e+00
6.488157101919577174e-01
4.447972616261962608e-01
7.368084498953443306e-01
4.794367103439515221e-01
3.588038119485861821e-01
6.822013003117505248e-01
9.279529407044300182e-01
9.714867308932390033e-01
2.935123165546860147e-01
1.181154280038426041e+00
8.525328020027714837e-01
9.471180222867570109e-01
9.174843656070142961e-01
1.180288487838151212e+00
1.377536071371911808e+00
9.525017630353815878e-01
1.062787101676530011e+00
4.690288301236647528e-01
1.182677509413776029e+00
1.324551088604027926e+00
1.070327297087078300e+00
5.530404125686885219e-01
1.056822592964412166e+00
1.223496025383866259e+00
6.927747020478791651e-01
4.172037488934113858e-01
5.091091589537988238e-01
9.212969091527670740e-01
1.401315168065713213e+00
5.693574663108993406e-01
4.339862148096751415e-01
1.321754811695927401e-01
3.747309702031144107e-01
2.371198913533329178e-01
1.112904493113223037e+00
1.846962064989498831e-01
2.608249772798407751e-01
2.252817785618317914e-01
1.846962064989497443e-01
9.213063897451633233e-01
3.324814584118649941e-01
2.426751890639892995e-01
8.241970808737026921e-01
7.024142698036494048e-01
4.238500523169261291e-01
1.178666462921642788e+00
6.413098282490012902e-01
8.802094525495074429e-01
2.894455559876062400e-01
7.569807757555061523e-01
4.666363802635021818e-01
1.846962064989496610e-01
3.227054476712205022e-01
2.371198913533330010e-01
1.846962064989496610e-01
1.846962064989500218e-01
1.846962064989498831e-01
1.321754811695927123e-01
1.074678349701351898e+00
2.894455559876058515e-01
1.321754811695929344e-01
1.846962064989500774e-01
8.533759036122587904e-01
7.870262648500739866e-01
8.083080493404946054e-01
1.321754811695925180e-01
1.321754811695925458e-01
1.321754811695925180e-01
7.955867571814449757e-02
3.651782263615173663e-01
8.887870099358337050e-01
1.062116316992531617e+00
1.755850287903753415e+00
1.352159727592633365e+00
9.645930840623467839e-01
9.421858619964337267e-01
1.650344087722115383e+00
1.203511286503382127e+00
5.520761503918339974e-01
1.147115605717134779e+00
1.439576806949487864e+00
8.729323282329206624e-01
1.014938156472166897e+00
1.222985053241397946e+00
1.570795381973339122e+00
4.254952922492584722e-01
1.377662699377694588e+00
4.967361289972828109e-01
9.528190653178925107e-01
1.253302691496646526e+00
1.266396579560896019e+00
1.156332805192049396e+00
1.607497193624709553e+00
6.534026776348990095e-01
1.372296417879524499e+00
1.259886360638941882e+00
1.588183535673802105e+00
1.306909257324136764e+00
1.094950848020297629e+00
1.311735793731482413e+00
1.492312339925983000e+00
1.207103651071792072e+00
6.785271118151421366e-01
1.071064106992026810e+00
1.620164316346292432e+00
1.725967473199781832e+00
2.252817785618313473e-01
1.365087999052045475e+00
1.322829369634840102e+00
1.412940457436612229e+00
2.252817785618314861e-01
1.239064558171448782e+00
1.158610969164496129e+00
6.240788713924877440e-01
2.894455559876058515e-01
1.846962064989497443e-01
1.991236400804727857e-01
1.474956179503399412e-01
1.991236400804732021e-01
1.212107702684608102e+00
1.487688736758811248e-01
1.092651675109847176e+00
1.487688736758806252e-01
1.531013352289682938e+00
1.487688736758811248e-01
1.072985018944769608e+00
3.452456685735004749e-01
1.099297875109742639e+00
5.719702692604654581e-01
2.008081535636181136e-01
4.970216917421433900e-01
1.185222865769165246e+00
2.527465041794227929e-01
9.536321747041378583e-01
2.154694408721455345e-01
3.766122218486125939e-01
1.100638513603642288e+00
1.500656961485151986e-01
6.563613856525618573e-01
1.231702721137225121e+00
1.081100318982122221e+00
1.286122552928408158e+00
2.506527309497030287e-01
1.205333811037701652e+00
7.545287628087202769e-01
3.020818820496666834e-01
1.391057560693520712e+00
5.358791479652750267e-01
9.631990896168541871e-01
5.041171258167668201e-01
4.560412687313541436e-01
4.289719830516226518e-01
4.046362263914767832e-01
3.534100640983367514e-01
2.506527309497035283e-01
3.020818820496666834e-01
1.040547817640946615e+00
1.436020275236703059e+00
1.406336437001478146e+00
1.378473491624365721e+00
1.776034477434090375e+00
1.221261979636061312e+00
1.534888959168855482e+00
1.666395985518833278e+00
1.345885877352956950e+00
9.333312207244424119e-01
1.315850881909063741e+00
9.368710320490487575e-01
4.409730887580894376e-01
1.203265752077901096e+00
1.664223535987116920e+00
1.135782855081014953e+00
1.319732126009652173e+00
4.532631227412878827e-01
9.697658566538479574e-01
9.950305195879044495e-01
1.877723886351419791e-01
3.556788726622669428e-01
1.318654542598528767e+00
8.438287205346292064e-01
1.043157736440750050e+00
8.469914376606942907e-01
5.860939794478492448e-01
2.410332243023668719e-01
1.713665137669779348e+00
1.238904754145648157e+00
5.941456339926948216e-01
1.059382858084877643e+00
1.499933101449626438e+00
7.645293661785701467e-01
1.640948733278643434e+00
1.477241988085921109e+00
2.410332243023670107e-01
1.528207536400332245e+00
1.067500330930917674e+00
1.061993188221122653e+00
8.218809627299989984e-01
1.332830070861820981e-01
2.117778687502384738e+00
1.138757390412949322e+00
6.850511578675361202e-01
1.404165429172301582e+00
6.618842313661651433e-01
5.702084421532761516e-01
8.567262239941250135e-01
8.680825290797622440e-01
6.794398500885177050e-01
2.410332243023668719e-01
6.691806180785928593e-01
9.164644426486983075e-01
3.840467906689687960e-01
1.345056752931666377e+00
2.609212517553688992e-01
8.048632207453085829e-01
2.062168596486245731e-01
7.137667313015279014e-01
1.430564571095840787e+00
3.785205081703056917e-01
6.723867083801524647e-01
8.769992424523180841e-01
1.543506378888860553e+00
1.389488443866251366e+00
3.267425433229187992e-01
9.126338304210508401e-01
6.355606179837784975e-01
4.343398482106998193e-01
1.089030057367282200e+00
5.927299905801339808e-01
1.192151281382485051e+00
1.038506239841721079e+00
1.565221144448515123e+00
6.227786666707407770e-01
1.488494384229929857e+00
7.905934577045061751e-01
1.122945495706968444e+00
1.296937164921118324e+00
1.156414408117624415e+00
5.819361275800761790e-01
9.588622968431625981e-01
1.225434004099513308e+00
3.189926325581922684e-01
1.092224620066531843e-01
1.974690500631780532e-01
1.210013795440361806e+00
7.306072453418419599e-01
6.027335631666764781e-01
4.067257081973635335e-01
5.499740218023273508e-01
2.996246376936155253e-01
1.462452788647518320e-01
1.462452788647526647e-01
4.129318986361121269e-01
1.462452788647518320e-01
3.648661594523555651e-01
1.540666801517206919e+00
1.005804101020373098e+00
1.077390753102200005e+00
2.580809397403242000e-01
1.165171715926773821e+00
6.410100854180238450e-01
2.080191376124057578e-01
2.580809397403242555e-01
8.509741951720110054e-01
1.392370498620993047e+00
1.354595049039797994e+00
1.192202410974770199e+00
6.799506523001349612e-01
1.559074943561325144e+00
1.415132534673988474e+00
4.371498174939868475e-01
7.969182143682415065e-01
3.330262576617286641e-01
8.292395623207353683e-01
1.223615631291484762e+00
3.648661594523561758e-01
8.663043285130394011e-01
4.710783642933306092e-01
2.080191376124054248e-01
2.580809397403240335e-01
1.041915536234743644e+00
1.128256935307510922e+00
1.057438147506240878e+00
4.472443358959706239e-01
1.230993212732458986e+00
1.436028894036056380e+00
8.173917854131595995e-01
3.579097822226822712e-01
1.072792050698486044e+00
6.246801543463258444e-01
3.579097822226824377e-01
3.874857698229750014e-01
1.325873954459292348e+00
3.884662890042335226e-01
1.111801769385111438e+00
8.491886861079620541e-01
1.181568537463971502e+00
1.408827855543921093e+00
1.240179832507669833e+00
8.491153847763585061e-01
1.940680611152123536e+00
5.400561902399246827e-01
1.202163525112296627e+00
1.392251135181911570e+00
4.412575407615585421e-01
1.351966237975784857e+00
1.338751992229576970e+00
1.377496302818301821e+00
3.288432626845934070e-01
1.123863658503610141e+00
1.140908480312440076e+00
9.416050490853546950e-01
7.516798485949796049e-01
2.377402222788170538e-01
1.462452788647523316e-01
1.653250319123161782e+00
1.338914776023411246e+00
3.640014777754452258e-01
3.396988696657856077e-01
4.624885505297949839e-01
3.347446498747569943e-01
2.485958292600091712e-01
9.387453024171552585e-01
4.757681456830365474e-01
5.315522156581845570e-01
4.147302986870989305e-01
2.887690307124234357e-01
1.462452788647524704e-01
1.462452788647525537e-01
5.394214650332912475e-01
3.240272345725178083e-01
1.168379028083858628e+00
1.974690500631781920e-01
1.218966889881030635e+00
1.327582242358047893e+00
6.905202883416943216e-01
1.021389588433237350e+00
3.796731128687133028e-01
9.825129520327642307e-01
1.006591317637007377e+00
5.074018984902894935e-01
4.338352271255812020e-01
1.237209571027826804e+00
4.359224382496135752e-01
7.272784831842852293e-01
1.247831869797189075e+00
1.374603175726952786e+00
1.501135499921990579e+00
1.343381917004683013e+00
1.110952217746889570e+00
1.546194820135853520e+00
1.581344592147817973e+00
1.428462477440084699e+00
4.067257081973638666e-01
1.974690500631783308e-01
3.796731128687131918e-01
7.434274577089606817e-01
4.147302986870985420e-01
1.462452788647526647e-01
1.462452788647525537e-01
2.377402222788168873e-01
9.744637647431246830e-01
2.887690307124234912e-01
7.447086205450504925e-01
1.462452788647526647e-01
2.377402222788170261e-01
7.868478726270908830e-01
1.283940463627719630e+00
5.949024847962837148e-01
1.320445705634593736e+00
1.468281409612717692e+00
6.283368402658700003e-01
1.362299961087148237e+00
1.689997839739130869e+00
9.453926439150660554e-01
1.430811895467336559e+00
1.020541419887774470e+00
2.730973956191563023e-01
8.404541336422202136e-01
1.033064078735817848e+00
1.270727321326483583e+00
2.485958292600088659e-01
1.095079673670681597e+00
1.122779586945543029e+00
1.229806646487086930e+00
4.255859056682909092e-01
2.485958292600088382e-01
9.619337105911683894e-01
8.713701657161954106e-01
3.748570847566375930e-01
6.845997332641102773e-01
1.214055091771324202e+00
9.879106089146199032e-01
7.702047912216991588e-01
8.899944070657148654e-01
3.640014777754454478e-01
1.974690500631778312e-01
2.730973956191559138e-01
4.634554512614617039e-01
1.462452788647526647e-01
1.974690500631783030e-01
1.195749749377009286e+00
3.559968872857105504e-01
3.240272345725180858e-01
1.974690500631787193e-01
3.958701012161718880e-01
1.000306985860931031e+00
8.541818808418009112e-01
2.730973956191563579e-01
4.067257081973636446e-01
8.136052842368599602e-01
2.996246376936156364e-01
3.240272345725179748e-01
9.278457556343546742e-01
1.003899350001248969e+00
4.810286630328343693e-01
9.704098600851529532e-01
4.762126349207585485e-01
2.887690307124234357e-01
1.519422283105856142e+00
1.044467990992398843e+00
9.189916648729952176e-01
1.155940872327314128e+00
5.533329624740206398e-01
1.787753797404343592e+00
1.974690500631778312e-01
5.394214650332911365e-01
9.397136336552283087e-01
8.198609066542748014e-01
4.545014209583745912e-01
7.460918709136534765e-01
1.423589265929714465e+00
4.701730560516421686e-01
1.136845045613844585e+00
1.072277467667728912e+00
1.192806566637844679e+00
8.484200994456413403e-01
1.085992816468572375e+00
9.832201029105545054e-01
7.585364210369810456e-01
5.465882361802750639e-02
1.158805386055917985e+00
4.025528565009395265e-01
5.428875098486125594e-01
2.730412500209943305e-01
1.527307914437858960e+00
5.383173517018498000e-01
2.810484431621371737e-01
1.860619782361528918e-01
1.092224620066531843e-01
4.965556119178348160e-01
1.355989633240120451e+00
1.076094108466227439e+00
9.751039322530179465e-01
1.047253636043261160e+00
2.854132304137783627e-01
5.812307528271892787e-01
1.090715023762271363e+00
9.499032932473467916e-01
2.078605240100909191e-01
8.945721211983757026e-01
3.043195918482777262e-01
2.492787831466846404e-01
1.185783251537863903e+00
1.099949117527962095e+00
7.241994621913911967e-01
1.148868510805613363e+00
1.041937203369520670e+00
1.208772255656747951e+00
1.319183142061188807e+00
2.945076117166992025e-01
5.152693611860184042e-01
1.332580684747904032e+00
1.607935070589863402e+00
3.890936879463774978e-01
6.350847963738266433e-01
1.255338156725565035e+00
1.007630136250595054e+00
2.630044698904459577e-01
1.370584137627324672e+00
1.322579686600841020e+00
1.025352352477119533e+00
4.534638092172302293e-01
9.806170911126618206e-01
1.096528954938959632e+00
9.324111829150905084e-01
5.846806798582732112e-01
1.513883803414734830e+00
1.357805838082810634e+00
1.580676112334702621e+00
1.420960161704642788e+00
1.112988330357771449e+00
1.050406072075005914e+00
1.095133263370627663e+00
1.234238468318616055e+00
6.080450328689204209e-01
1.004548225295220698e+00
6.118141681181838987e-01
