2.716118513009396218e-01
7.520624224115421974e-01
1.440316114158109340e+00
8.686961094273641937e-01
1.009080889493227051e+00
6.468284334328654461e-01
7.331849645612438238e-01
1.136312880598855379e+00
1.246833844072511965e+00
8.749551941539659428e-01
9.085438787282182904e-01
1.972854963477732870e-01
6.122991198699093696e-01
7.609009120463994247e-01
8.987976043858579844e-01
7.507233093214101816e-01
8.941868418222477244e-01
1.972854963477723156e-01
1.139831189936862943e+00
1.972854963477730927e-01
1.226981251414165808e+00
1.792747275628665260e-01
1.792747275628662207e-01
1.792747275628664427e-01
8.893013242728935452e-01
7.674243079983502636e-01
-0.000000000000000000e+00
4.939180111430861442e-01
8.951472108591886911e-01
4.752056555853423347e-01
1.326810770426623876e+00
1.197167281933667171e+00
3.676517313271040477e-01
1.007951477169957144e+00
3.281883959106316473e-01
7.947975001053324551e-01
9.150781032482241395e-01
6.771427512173744390e-01
4.607601189486918991e-01
1.271772501969309133e+00
7.609954090668528126e-01
1.128279254319859648e+00
1.068180914598631182e+00
9.138776714820929792e-01
6.839562065998038287e-01
1.922388641751587857e+00
1.149760642420606160e+00
6.605968283650041073e-01
2.436663124268336200e-01
5.664171713578245448e-01
1.077106406002852346e+00
1.751612843071447545e-01
8.473717557143667367e-01
5.214471488805922927e-01
9.431113202123934114e-01
1.731794479169920242e-01
6.382390083479824172e-01
8.909434860763608688e-01
9.653532671142839305e-01
4.983992290222568622e-01
1.248942766733585064e+00
1.052202284698940948e-01
5.607527436392568676e-01
8.352913883260009165e-01
1.052202284698945944e-01
9.575505740744106875e-01
1.040023676022779620e-01
4.745319998969034225e-01
5.008487057951362953e-01
8.739684293087658373e-01
7.371332509961733281e-01
2.222663425885794963e-01
7.616534912811404601e-01
5.244335397556071365e-01
6.652902409154024532e-01
3.859044311850471920e-01
8.604402136162749848e-01
1.360570686889642111e+00
7.019628410361713478e-01
6.643655163515145290e-01
6.999394660221953668e-01
9.369973106299930299e-01
9.892151701438289813e-01
4.548332778801100207e-01
5.028229597434835663e-01
4.360188636797452388e-01
5.739060273162197579e-01
5.682152841100358565e-01
5.503547796020691329e-01
6.253285492289948344e-01
9.538412041422300591e-01
1.233216150993451610e+00
2.383101007139037386e-01
4.350996551276710145e-01
1.040023676022782811e-01
8.960878760494396245e-01
1.736537477094113768e+00
8.434845563829480586e-01
6.147036202568293417e-01
1.599764619788709208e+00
6.439687536815309477e-01
1.905178236166909234e-01
1.258803244815558164e+00
1.186637633321036001e+00
1.905178236166909234e-01
2.558275292305476345e-01
1.305223307748649919e+00
9.916767191673748760e-01
3.932584425859071420e-01
5.345405219436734079e-01
1.659692142986265662e+00
8.206123203427071466e-01
2.587163185527155407e-01
1.437873904131277358e+00
1.140307318042256046e+00
6.359076558835239368e-01
1.155863720475363898e+00
1.905178236166920058e-01
1.072268407927537304e+00
7.755638902072125029e-01
6.933176853776938930e-01
1.046424549358678568e+00
1.036895582158287032e+00
9.255700775964204041e-01
3.091447284592254152e-01
7.761089298367200850e-01
9.864235831319010384e-01
5.051894739802639256e-01
9.068590093373904981e-01
3.859044311850474140e-01
6.999148030608468574e-01
2.587163185527150966e-01
1.612256086072422656e+00
5.906592094398344095e-01
1.526280678894018195e+00
4.455223514933853712e-01
9.049857389667349539e-01
6.057690407785201181e-01
8.840072878048061966e-01
5.540106296411237974e-01
8.526050527396517031e-01
5.649594952813443705e-01
2.916452536337653667e-01
3.606285562968942204e-01
1.463064018111969622e+00
8.521198919219793444e-01
1.519205112668380542e+00
1.359372356710887964e+00
1.620134557308163803e+00
1.335186762557729390e+00
1.142686273720431744e+00
1.156931193400921876e+00
1.294556638736060306e+00
1.516834315430805491e+00
1.164844394878925549e+00
1.226664712707431493e+00
1.478069932521892893e+00
1.294123728430699227e+00
1.237013087325527838e+00
8.608949492532855796e-01
4.764270039586232519e-01
4.110976338412946074e-01
1.105129284050013982e+00
1.384188972767574022e+00
1.645471192119146053e+00
7.616700696632053846e-01
1.477325833303832825e+00
1.480102881046829744e+00
5.437705186281580616e-01
6.067370339861591910e-01
1.319587658237439731e+00
1.973748235264670692e+00
1.394923518968772091e+00
1.491454350731825196e+00
1.429084308167311690e+00
8.977527342102278318e-01
1.446876884394186380e+00
9.754511152941940377e-01
1.167506034318789077e+00
1.568772141314439761e+00
1.221589786308004522e+00
1.719186051481407240e+00
8.517593397997614835e-01
1.143789774415031824e+00
1.466407206583945744e+00
1.175957855347254277e+00
1.000559744579979204e+00
1.255115793487398657e+00
6.657057991005974618e-01
9.424309614916832611e-01
1.183435188936802440e+00
1.413349212924071896e+00
1.556523093613440656e+00
1.077058237632494864e+00
1.121568878471413511e+00
1.294085145361840050e+00
1.977625507089323387e+00
1.170278730562401615e+00
9.310390894991701360e-01
1.207786584094975302e+00
1.221871047638702468e+00
1.108076220733710038e+00
1.358343155359973187e+00
1.372639693663981975e+00
1.016053021359752506e+00
1.244099909264021475e+00
1.630618752143419226e+00
1.163033289780056156e+00
1.152167513289523049e+00
9.657152706774071449e-01
7.830129451232016313e-01
1.002800794798663908e+00
1.512944957649954070e+00
5.709712677259310976e-01
2.616759353997196169e-01
5.114480157893818157e-01
4.844022334257935825e-01
1.209915368036035055e+00
1.097316858725297495e+00
8.749551941539658317e-01
1.501971064918161236e+00
1.622347319083887518e+00
1.233305938827266468e+00
7.845359379892036245e-01
1.488918402930599516e+00
8.369575709152669019e-01
1.372940307036353502e+00
1.263487499190259822e+00
1.585922828809574803e+00
1.197677333492759288e+00
1.498735463073786134e+00
1.178520462825458859e+00
4.458561127785960476e-01
7.521398111931496544e-01
1.145232551576146118e+00
1.731794479169919410e-01
1.731794479169915246e-01
6.269952801671754283e-01
3.596940513986964794e-01
8.924787153374441617e-01
6.563796127424356142e-01
7.158483369291901433e-02
6.235176041387456847e-01
8.391747021578227494e-01
6.644131853072298144e-01
1.047201898503839823e+00
3.085477660219306806e-01
1.731794479169920242e-01
7.451283116416279606e-01
3.763583420377067390e-01
1.731794479169920242e-01
1.731794479169920242e-01
1.731794479169920242e-01
4.269076649771783027e-01
1.731794479169917189e-01
2.409561382771713556e-01
8.122831404773873665e-01
7.946405404520314741e-01
4.678512497244876611e-01
1.169457094588150392e+00
1.007424874948629423e+00
7.953633771315452572e-01
1.206033672430505410e+00
9.174960146991982812e-01
9.235779514809787649e-01
9.696237923922711444e-01
9.240892618033780259e-01
9.786413832573146454e-01
1.159739756974263125e+00
1.047930802579765119e+00
2.118886392808973784e-01
6.353636974432965712e-01
9.168640079177469149e-01
1.206119369620579196e+00
6.518659525371399699e-01
1.027938678418711671e+00
7.358398517145186002e-01
1.073624501575391799e+00
5.152409882443631517e-01
4.506665637877768082e-01
8.464987975050259905e-01
1.476950946635141371e+00
1.021328269165637570e+00
9.309585174350448744e-01
3.932156408846163576e-01
9.311351903667439700e-01
6.579835612576726556e-01
7.103730497151865553e-01
3.932156408846164686e-01
8.184922036044636195e-01
6.023275641200693808e-01
5.048934453119697796e-01
9.045217419755229304e-01
8.656147220538504827e-01
7.168340374923074521e-01
3.340212494553592149e-01
8.031190421961748038e-01
8.823140761877401594e-01
1.069321610754794039e+00
6.425123001871267947e-01
1.227908982401271887e+00
1.029413482795966450e+00
9.063315602554066208e-01
1.137686663008335319e+00
7.210728335110626608e-01
1.172405692143212441e+00
7.938594242377198240e-01
1.297515748904069399e+00
1.300864436642280131e+00
1.799144441553961471e+00
1.201779661807857558e+00
1.137506999469281244e+00
1.683423708988491585e+00
1.678961569332014347e+00
1.314965875440754273e+00
1.642159668160215080e+00
1.471059628108743356e+00
1.371272252589468277e+00
1.422455784425693315e+00
9.570541511296883908e-01
1.601175085580673452e+00
1.180638848560037868e+00
1.249698467090434528e+00
1.522585357505822579e+00
1.613399019448492844e+00
1.258691441937441313e+00
1.241141400511807991e+00
1.500894054306618042e+00
1.525552207998144505e+00
1.343624935017360134e+00
1.003640987664774276e+00
9.669659024717949247e-01
1.003477948798574992e+00
7.424126707781341095e-01
1.175834603795951283e+00
1.008606835692269277e+00
1.210183457389754302e+00
9.609678697070723752e-01
1.884533936739275495e+00
9.782788965969241302e-01
9.270284988624000189e-01
1.661366973675248770e+00
1.680952764216387729e+00
2.022614205934000875e+00
1.289608962831412464e+00
5.394264364569820724e-01
1.189679528728194491e+00
1.418332073806251259e+00
2.202569929484829547e+00
1.223269181829158558e+00
2.001968041677050447e+00
1.821377765173362029e+00
1.447672107903931638e+00
1.878220362721809922e+00
1.342384549812159378e+00
1.640984697524865865e+00
1.322192138386554916e+00
1.468783233135064759e+00
1.357895912133197491e+00
1.364883465363782022e+00
1.451230066306632427e+00
1.786658156644311601e+00
1.234092697349937762e+00
1.636934602657290405e+00
1.995296452537008491e+00
1.725215687033218259e+00
1.365047654371544406e+00
1.182609645686463651e+00
1.699879601603620616e+00
1.914852444549590693e+00
1.725706408449656726e+00
1.410402189385897342e+00
1.165088327644235422e+00
1.490567938256288194e+00
1.487195747535463131e+00
7.978481337070942869e-01
1.164849339770843484e+00
1.987353578334296156e+00
1.515464354994240814e+00
1.035986358588107725e+00
1.601763395809622237e+00
1.584033940941937058e+00
1.416041399672268275e+00
1.436292759306678324e+00
1.221430857727791919e+00
1.711055029695028873e+00
9.420935050118399712e-01
1.767487067667849576e+00
1.920116358869233819e+00
1.663448578935851740e+00
1.087465732903696525e+00
2.031037620354494866e+00
1.534862027774974269e+00
1.225589981783911098e+00
1.098459693965113004e+00
1.427685724241407161e+00
1.895843450755444248e+00
1.362790819397269759e+00
1.537997601837638895e+00
1.556100457032496553e+00
1.517419203801806615e+00
2.059820048235018852e+00
1.603990673380470078e+00
1.243042527927553653e+00
1.485665981831781890e+00
1.520020438235406557e+00
1.202711195431429125e+00
1.264167842625995020e+00
1.530063553192112291e+00
1.733593229003825176e+00
1.227057978920589987e+00
1.483381987333450169e+00
1.155982432756280653e+00
9.180288709482072873e-01
9.855661576448678796e-01
1.330908404435773518e+00
8.101919429325997735e-01
9.632332715250866428e-01
1.251659601929293597e+00
1.146758804486894379e+00
1.445763786589644884e+00
1.104373953622799887e+00
1.746062278399757028e+00
1.150149465650637914e+00
9.338712448747615857e-01
1.341166972445393624e+00
1.429350300802031626e+00
1.018745062340039365e+00
1.207917867371294918e+00
1.671393081330017516e+00
1.055365833136783005e+00
1.368653584271306345e+00
1.388793002408243549e+00
1.040586986396351721e+00
1.388302036411212415e+00
1.090776097703975100e+00
1.071382012871083145e+00
6.354951905775069187e-01
6.062263485483966319e-01
8.630428019546719787e-01
2.357258900083278319e-01
2.357258900083278319e-01
1.693564580868834324e-01
3.019199349243320007e-01
2.860845372941417386e-01
4.839860575415915189e-01
2.551988749854109395e-01
1.333396907487796268e+00
9.944505605475817411e-01
3.521007941384721729e-01
6.492226520398756140e-01
1.693564580868833769e-01
2.357258900083278597e-01
6.982208337983458746e-01
7.160038694317786279e-01
4.998214551717813925e-01
3.672312457887391690e-01
1.883701973479039171e-01
2.530069936202190006e-01
1.883701973479039171e-01
2.530069936202189451e-01
1.883701973479036396e-01
4.742926860790910304e-01
2.530069936202189451e-01
3.672312457887391135e-01
2.530069936202197223e-01
1.905178236166920058e-01
1.052202284698944973e-01
2.692421712632667163e-01
3.994713578605378901e-01
2.787693717685874040e-01
-0.000000000000000000e+00
5.659676430652340606e-01
6.175225551713249272e-01
7.005428087549844807e-02
7.005428087549844807e-02
6.059211660177716841e-01
3.051266542871504672e-01
7.563278404326598814e-01
6.939461559886627162e-01
3.302522135619457289e-01
6.084713259548217845e-01
9.793759926943239602e-01
5.148515556529550397e-01
6.526674083013754846e-01
6.450841018700051999e-01
9.716543445637806364e-01
7.535560293159755396e-01
8.849589654805015693e-01
8.215322964799340877e-01
1.352542380136956490e+00
8.019740764335111516e-01
3.676517313271042142e-01
9.744783343662454245e-01
7.869617986183549130e-01
8.522603575482838867e-01
5.731812744536292081e-01
9.229859626650736004e-01
8.910263877159121382e-01
3.679361917686626571e-01
5.107731384647757888e-01
5.843274851473125864e-01
8.287605136871797340e-01
6.447922567178048237e-01
7.360735346685975955e-01
3.843548219781266484e-01
8.256784281083499044e-01
1.479183268896408832e+00
2.090269110639218386e+00
8.587512815663449484e-01
7.857183990946948748e-01
6.432529550675039065e-01
1.148100473555614176e+00
7.250107608945068893e-01
6.124250754139654029e-01
7.744746709138878860e-01
6.949112484366869458e-01
9.094039020217703495e-01
8.012647515287671940e-01
1.360329882276330338e+00
1.077024204579766886e+00
1.085834595328133423e+00
9.645671377008704361e-01
9.482270902098870469e-01
9.516041307604090616e-01
6.517611408925082506e-01
3.521007941384726170e-01
1.412790965189021808e+00
8.084455567451640512e-01
2.357258900083281095e-01
3.954875225992751098e-01
2.357258900083281095e-01
6.528049530559152380e-01
6.634100142584898885e-01
4.223705646761118371e-01
4.384143228014361071e-01
3.954875225992749432e-01
8.461796799527497859e-01
5.516500719457874125e-01
7.358774761206411386e-01
4.828020922075739740e-01
5.444950687389280564e-01
9.753470848440983776e-01
8.418481797664427724e-01
9.690434710029819376e-01
4.677546056204774927e-01
6.936869096997837492e-01
1.508695101691966967e+00
5.961674005136367027e-01
1.278914025420011313e+00
4.453053330311895208e-01
7.969496345878668286e-01
6.677522182502749759e-01
4.337721928187532328e-01
4.835900032506680879e-01
5.602174584043224659e-01
8.053742726745090064e-01
1.435589365445775645e+00
8.998330865239732024e-01
1.323172923449690730e+00
1.702184430768675316e+00
1.250544065425538642e+00
1.166038800792509544e+00
1.166258637797465969e+00
1.133225764236189592e+00
1.218845377143071840e+00
1.487092501995482596e+00
8.657395043201496776e-01
1.690967568294793111e+00
1.022071246575140036e+00
1.308975554937618746e+00
1.579117077553496840e+00
1.059491932847424822e+00
9.249288398847423931e-01
1.257953037870585877e+00
1.572328698746330078e+00
5.059246122872148588e-01
3.901551094455644186e-01
1.038698477809000043e+00
4.844022334257934159e-01
5.734871237706019587e-01
5.865677246431567626e-01
7.809293485854311712e-01
1.220513766436780445e+00
5.238111196489039223e-01
1.052547071117083011e+00
6.122991198699089255e-01
6.166109623270533691e-01
6.810523585815159153e-01
3.245294817414645649e-01
3.245294817414649535e-01
5.993884616306754953e-01
7.507208529920197382e-01
4.585008955657202678e-01
1.193639759647334486e+00
1.017187683818797872e+00
1.348651512911343664e+00
7.539954000499311526e-01
5.345405219436735189e-01
2.587163185527155407e-01
7.941216180077266262e-01
1.131189295520981242e+00
3.901551094455643076e-01
3.752467425247273947e-01
9.576619409986452114e-01
3.901551094455639745e-01
9.252138109250707121e-01
2.587163185527149301e-01
1.927182210942376961e-01
1.927182210942380014e-01
3.281883959106316473e-01
7.087631269303894532e-01
1.273016251096478646e+00
1.437753995289633657e+00
1.108007266653856515e+00
1.534037621627529990e+00
1.727093467490133927e+00
9.612268055441934855e-01
1.553479062960750889e+00
1.493688149651625219e+00
1.545925079633631460e+00
8.667409266917344146e-01
5.204317222555298050e-01
4.215324558534802035e-01
5.261457691933605352e-01
5.430396622282271935e-01
5.085675262966816712e-01
6.950639767020706516e-01
1.124317681659346091e+00
6.556867845545187867e-01
1.709669012512095909e+00
9.198079963820849914e-01
1.581615137689965866e+00
1.016722977210202661e+00
1.503219795236351963e+00
1.540554733999594195e+00
1.189392476601311088e+00
1.166488012831704335e+00
9.874872874045903526e-01
7.934445537963866757e-01
1.445696938061677761e+00
1.186933768023806124e+00
1.170626818562845894e+00
1.053368944777485217e+00
1.928520037004729515e+00
1.395579086203055263e+00
1.941874775051511071e+00
1.337643495661797743e+00
1.300669356899944340e+00
1.225772162108917485e+00
1.590295144557533291e+00
1.298889688964414590e+00
7.516660017077092526e-01
1.112898014850527861e+00
9.642557423908613146e-01
6.265538929520481082e-01
9.540840854505803215e-01
1.196915744394339232e+00
5.583825493036014276e-01
1.175464633598627406e+00
1.053462147372453694e+00
1.044884308950084106e+00
1.395224109203035967e+00
1.551985240545136868e+00
1.460339392255941782e+00
1.470979915373683999e+00
1.605656737172165727e+00
1.489786665480821393e+00
1.757000832643675015e+00
1.855751904387265672e+00
2.015928149605437536e+00
5.992747143108417829e-01
9.823116239199086719e-01
1.183573627996477029e+00
1.165987773539095995e+00
1.505325757132130349e+00
1.971440554222888331e+00
1.866191205883237281e+00
1.636391377421934079e+00
7.765069161298383538e-01
1.073637321340562334e+00
1.384682345298268391e+00
1.217786652715280749e+00
1.392937560663861429e+00
1.095268572924689376e+00
1.609848007989026275e+00
9.837367257248843533e-01
1.099892817152884117e+00
2.051658346214201512e+00
1.010052453584953991e+00
7.820637723859500401e-01
1.299889670607695447e+00
1.917336318679560003e+00
1.076965858135762177e+00
1.154113268715421858e+00
1.526581045613001786e+00
1.013399408043898609e+00
1.070216486122151256e+00
1.436072261769055780e+00
1.360835088569283924e+00
9.776882797466819319e-01
1.111021657555041786e+00
1.414736487597388237e+00
1.131273255738939110e+00
2.045005682618825205e+00
1.414207017862935789e+00
1.979028790475229060e+00
1.674607896742619229e+00
1.212580901938580036e+00
1.323700742154562127e+00
1.537554608954457391e+00
1.679459351319478877e+00
1.206699693057009748e+00
1.221441678267376263e+00
1.947366908878592762e+00
1.284190895568075197e+00
1.125564358295873424e+00
1.008266499171939223e+00
1.093804055509226991e+00
1.401263416822637886e+00
1.006058625233876347e+00
1.999176169530863412e+00
1.364818618166502295e+00
8.897148021348204594e-01
1.718646458836772473e+00
1.730434390620981144e+00
9.678874796559412408e-01
1.316496034284986294e+00
1.041614205608382804e+00
1.540106605148829688e+00
1.361820229653559533e+00
1.868175251208101351e+00
1.263554431350399243e+00
1.097801999596832223e+00
1.606215805722917667e+00
1.170735124709498809e+00
1.442221837132466655e+00
7.653838208244896357e-01
9.698295827183581741e-01
4.249266892114283434e-01
2.558275292305469129e-01
2.558275292305466908e-01
2.558275292305474125e-01
1.266593123467488091e+00
1.736463889661891136e+00
2.558275292305470794e-01
3.209572306698337818e-01
1.801893595554002081e+00
7.301730328203392961e-01
6.323263024050409520e-01
1.905178236166915062e-01
3.891546391407390004e-01
1.057214230067738958e+00
2.558275292305471349e-01
7.471656570630005323e-01
7.215323066011851694e-01
2.530069936202192227e-01
1.003425257280042615e+00
1.355566853477292444e+00
8.381566887252285269e-01
7.345392544188218409e-01
1.207069614490835718e+00
4.359543595895820634e-01
1.349307518241497750e+00
8.029572934033295528e-01
5.709712677259312086e-01
2.587163185527146525e-01
1.289854128568329594e+00
1.111451594256338993e+00
9.939146024977499883e-01
5.916604288622724361e-01
2.703324170333988863e-01
1.260333485025615596e+00
4.191597804459806786e-01
6.948214775717990177e-01
9.223214547495892646e-01
4.317451603948984640e-01
9.012205362613692206e-01
6.225040072396818003e-01
1.200677088334677789e+00
9.600110783811347526e-01
5.857509566310757920e-01
3.457371923041945294e-01
8.704057353654220952e-01
1.844769842334310850e+00
1.145270055740384985e+00
1.268955360728307502e+00
1.347107323151791825e+00
6.380565959690891464e-01
1.361834531406476589e+00
1.099608943580587583e+00
7.420435810584700143e-01
7.180658196402330828e-01
2.673146864176519366e-01
5.537044126385537446e-01
2.673146864176519366e-01
3.303539361564474808e-01
3.303539361564475918e-01
3.303539361564474808e-01
8.323289684203676320e-01
3.303539361564482579e-01
5.588975443388747300e-01
7.642206275708338659e-01
7.539406301737111571e-01
1.153268026473795338e+00
1.319403592446809936e+00
8.989021463300775894e-01
9.522640245646789570e-01
1.481685931761065778e+00
1.265416843947708703e+00
9.772250591431510536e-01
1.660779326323588823e+00
8.174901609688070003e-01
1.285973720181129432e+00
1.052703576228901428e+00
7.618262776087800781e-01
3.303539361564477028e-01
1.356039140979812929e+00
1.193198715617024730e+00
6.206397707715077816e-01
3.303539361564477028e-01
3.051266542871504672e-01
-0.000000000000000000e+00
3.073817631731982636e-01
7.005428087549844807e-02
4.641807645287691630e-01
4.447362805155163912e-01
9.449864551335438456e-01
-0.000000000000000000e+00
-0.000000000000000000e+00
6.931537170094149991e-02
-0.000000000000000000e+00
6.931537170094149991e-02
6.002680133782561933e-01
6.381552163616610596e-01
1.384598567209139597e-01
1.894273535650026763e-01
9.665734025252488149e-01
4.432440549808675523e-01
-0.000000000000000000e+00
6.931537170094149991e-02
1.078457528950547806e+00
3.268410721098413685e-01
1.518785633709154759e+00
1.374873763073641175e+00
1.107139946509437811e+00
2.357886371921165125e-01
5.315315502943163128e-01
4.691309045467564887e-01
7.877494323597000747e-01
1.091991760034684678e+00
4.225821834578094016e-01
4.775907950784831768e-01
2.736647973692458713e-01
1.204560338492270677e-01
6.931537170094149991e-02
9.043604484588833037e-01
7.005428087549844807e-02
8.373385773964074907e-01
1.894273535650026763e-01
6.931537170094149991e-02
3.861397539428373382e-01
1.015477281253779562e+00
4.101163182884089986e-01
7.216261209943207744e-01
5.445149629471763841e-01
1.050393506886130313e+00
1.204560338492270677e-01
5.410398733654764314e-01
8.820496506251909175e-01
6.175225551713250383e-01
4.321513117367249412e-01
1.216924026780619311e-01
4.575619787974249397e-01
4.575619787974249397e-01
1.693564580868833769e-01
6.020417611460241458e-01
4.676856860932859239e-01
2.357258900083279429e-01
5.169391540057728385e-01
1.028139762346972907e-01
3.296515215491843120e-01
6.257474831454389319e-01
5.875092437269816559e-01
6.902463640693744518e-01
2.860845372941421827e-01
1.693564580868834046e-01
2.357258900083276099e-01
2.357258900083279152e-01
2.357258900083278041e-01
3.521007941384722284e-01
9.844058813134104469e-01
2.860845372941419607e-01
2.636352647048535447e-01
1.002889023350372888e+00
1.395866976056215014e+00
1.693564580868836267e-01
3.796521249690848476e-01
1.377839104688878491e+00
1.014347589924816218e+00
6.138831572771162870e-01
1.399331179559552274e-01
1.304592799536271386e+00
2.061920506332318714e-01
7.647681547102511690e-01
2.082154640108043464e-01
5.630644199215482093e-01
7.278871404042684956e-01
-0.000000000000000000e+00
1.374546633666383855e+00
3.051266542871504672e-01
8.341285102555159314e-01
1.399331179559552274e-01
7.005428087549844807e-02
7.005428087549844807e-02
3.117615441596780501e-01
-0.000000000000000000e+00
2.061920506332318714e-01
-0.000000000000000000e+00
-0.000000000000000000e+00
7.005428087549844807e-02
1.693564580868834324e-01
1.693564580868836267e-01
5.618782125580242814e-01
3.796521249690848476e-01
2.383101007139037386e-01
1.268848514107914216e+00
7.965007500447555122e-01
3.085477660219309581e-01
2.409561382771711058e-01
6.035011607714622084e-01
8.232349122191233715e-01
7.400457388600724107e-01
1.400119458740999523e+00
1.538944707586768379e+00
7.419224770921825085e-01
8.339051281294339590e-01
8.803711359128552072e-01
1.158149813320892285e+00
1.321731947693713050e+00
2.357258900083281095e-01
1.028139762346975961e-01
9.144085865396384127e-01
3.672312457887392245e-01
2.530069936202195002e-01
1.883701973479045555e-01
4.103716201335395608e-01
1.883701973479044445e-01
2.558275292305466908e-01
3.209572306698333377e-01
1.905178236166916728e-01
1.905178236166919226e-01
2.558275292305471349e-01
7.563504719607530014e-01
3.209572306698337818e-01
1.905178236166917283e-01
2.409561382771709115e-01
7.822643223058577400e-01
2.587163185527155962e-01
3.859044311850464148e-01
1.658199591600646894e+00
2.530069936202197223e-01
4.807349055017375861e-01
9.188131893353747026e-01
7.338338991690089852e-01
2.530069936202197778e-01
7.158299247897180750e-01
1.883701973479036396e-01
2.530069936202190006e-01
2.530069936202197223e-01
1.883701973479044445e-01
2.530069936202190561e-01
1.883701973479045277e-01
1.475022536936707374e+00
2.673146864176519366e-01
2.673146864176522142e-01
5.048934453119697796e-01
8.184922036044637306e-01
1.267215072146958388e+00
6.746957632906063207e-01
3.932156408846166906e-01
1.905178236166909234e-01
7.890264140540727000e-01
4.079978395659813462e-01
4.035407374733990249e-01
1.128856007892879987e+00
1.028139762346977765e-01
1.693564580868831271e-01
3.386732861693972918e-01
1.693564580868836267e-01
6.231715365227630254e-01
1.028139762346979846e-01
3.717105769431605644e-01
2.198904923781377085e-01
7.409510518003790125e-01
3.028644406259997091e-01
1.693564580868838210e-01
2.198904923781377641e-01
3.296515215491844231e-01
1.693564580868836267e-01
1.028139762346977765e-01
4.697942996650880665e-01
1.028139762346972907e-01
1.028139762346975961e-01
5.651182871415333375e-01
3.724863644068967528e-01
3.753482645801650697e-01
5.160500339439549888e-01
5.074322237861635942e-01
8.800441179241152989e-01
1.040023676022782811e-01
1.232945585444001679e+00
6.112257714364934813e-01
2.383101007139036553e-01
3.558534986131899336e-01
6.058482220861142187e-01
3.558534986131901001e-01
1.136247320048571652e+00
2.222663425885794686e-01
4.621073316474885173e-01
1.064686927258819554e-01
5.993828576886622850e-01
4.338416239295894705e-01
3.960330896236364806e-01
8.122643300629859286e-01
6.696971598013232718e-01
7.446774690130509855e-01
-0.000000000000000000e+00
1.315941705147298357e+00
3.446827562345588514e-01
1.399331179559552274e-01
-0.000000000000000000e+00
4.988676238520578510e-01
1.079190682845740490e+00
4.168832423922960162e-01
-0.000000000000000000e+00
7.081055490819625209e-02
2.449300267946353249e-01
1.414409241518763682e-01
3.739209367035218889e-01
4.168832423922960162e-01
8.042530934847543778e-01
8.758656203185876121e-01
2.791549117448050010e-01
1.399331179559552274e-01
3.811641867903454162e-01
1.399331179559552274e-01
1.026142381545454008e+00
1.297788465172268424e+00
1.913934249580094560e-01
2.096341402359027384e-01
8.099137597839043412e-01
7.469548306159168316e-01
4.139296459791786398e-01
9.697193427713921565e-01
1.344236348117854529e+00
1.392914284204844311e+00
3.926744672275521708e-01
8.119780186056411164e-01
1.025992416158620468e+00
1.071596883884738283e+00
7.005428087549844807e-02
1.381949847477999871e+00
9.552058998183527994e-01
3.451556345944991055e-01
1.662678656832142221e-01
8.144839211544545599e-01
1.310206151790725082e+00
2.755300677282658262e-01
4.641807645287691630e-01
5.577791081107011939e-01
7.005428087549844807e-02
-0.000000000000000000e+00
5.049075997890439815e-01
4.039121444165249541e-01
3.296905052321724150e-01
-0.000000000000000000e+00
7.937804052480541550e-01
7.081055490819625209e-02
1.087930178372892742e+00
1.414409241518763682e-01
1.414409241518763682e-01
4.995836075666638121e-01
2.636672384555999726e-01
1.229569993369444975e-01
