-0.000000000000000000e+00
9.503011725564634860e-02
2.373777983396793967e-01
1.504627197125969040e+00
8.992113418273283143e-01
3.075019869780694082e-01
4.104825975605759236e-01
1.355339856791030195e+00
6.790709649168187312e-01
8.836295506870674998e-01
1.306899429356070730e+00
3.025127104654108945e-01
5.173260713742118266e-01
7.346623955924598270e-01
6.350402253200373437e-01
9.599774910585724408e-01
9.584326939501232046e-01
6.111207734152930282e-01
4.708802551571064088e-01
6.517282961921221363e-01
1.693564580868836267e-01
7.005428087549844807e-02
1.028139762346977765e-01
1.693564580868834046e-01
2.860845372941417941e-01
1.028139762346975961e-01
1.028139762346977765e-01
1.028139762346975961e-01
4.024059685235485961e-01
2.636352647048538222e-01
1.028139762346975128e-01
1.028139762346975961e-01
2.636352647048538222e-01
7.214808912278087849e-01
1.028139762346977765e-01
1.028139762346975128e-01
9.561100414736143360e-01
4.615367849523034360e-01
4.998214551717816145e-01
5.107731384647753448e-01
1.028139762346975961e-01
3.019199349243320007e-01
7.253437098028974184e-01
3.954875225992751098e-01
1.693564580868834046e-01
3.091447284592253597e-01
2.383101007139034611e-01
5.528064556549389108e-01
8.008600540346659802e-01
7.387070754559125207e-01
1.127128496757661358e+00
9.450060132877038388e-01
1.206593236347060172e+00
9.843300712407060393e-01
7.743462159026260894e-01
3.796521249690848476e-01
4.839860575415914079e-01
4.949377408345854157e-01
1.693564580868834046e-01
8.220082114139223295e-01
8.114911660117605230e-01
3.174685212390899181e-01
2.530069936202197223e-01
7.962639533938808967e-01
2.530069936202197223e-01
4.103716201335395608e-01
3.174685212390896960e-01
3.817523823999441346e-01
2.530069936202187231e-01
1.326141200373505136e+00
2.530069936202196668e-01
1.225460900580764623e+00
1.712450815226892187e-01
1.414409241518763682e-01
7.081055490819625209e-02
1.934047144659655215e-01
7.081055490819625209e-02
7.081055490819625209e-02
3.251951076319198330e-01
4.237091296743775160e-01
1.028139762346972907e-01
1.693564580868834046e-01
1.262873862535032199e+00
1.028139762346972907e-01
3.679361917686624350e-01
2.636352647048540443e-01
1.028139762346975128e-01
9.536733111973771937e-01
6.143735889516148685e-01
1.693564580868833769e-01
3.521007941384722284e-01
1.693564580868836267e-01
1.693564580868836267e-01
1.693564580868834046e-01
5.024580999464838271e-01
3.521007941384722839e-01
2.357258900083279152e-01
7.214808912278087849e-01
4.835900032506675883e-01
7.693135691683449240e-01
4.676856860932857018e-01
2.198904923781377641e-01
2.357258900083281095e-01
-0.000000000000000000e+00
6.931537170094149991e-02
5.772847297866379179e-01
7.410593500576641013e-01
4.455293742472565266e-01
3.087734629951917054e-01
7.774436716028186867e-01
7.258016582890283175e-01
4.902720334939201230e-01
8.743392874427996508e-01
1.894273535650026763e-01
-0.000000000000000000e+00
2.582231677633924360e-01
1.210429942556431993e+00
-0.000000000000000000e+00
4.775907950784831213e-01
-0.000000000000000000e+00
4.327138330137824118e-01
2.728296034947806925e-01
8.093546092325656360e-01
1.384598567209139597e-01
1.204560338492270677e-01
3.335602121049879853e-01
-0.000000000000000000e+00
5.445149629471763841e-01
4.742926860790910859e-01
1.420799801138042717e+00
9.231275936409075733e-01
4.558973396693366542e-01
7.572939184993724426e-01
3.303539361564474808e-01
2.673146864176523807e-01
3.303539361564478138e-01
4.611329873434223403e-01
8.711002904471412123e-01
4.226115860358544141e-01
5.906946718167923605e-01
3.932156408846168572e-01
4.226115860358539700e-01
6.821129111213662943e-01
1.169394045791051440e+00
5.048934453119701127e-01
6.206397707715076706e-01
3.303539361564477583e-01
3.303539361564474808e-01
1.078602517580848907e+00
8.441019718242774861e-01
5.097771787241471841e-01
1.883701973479047498e-01
7.303510614009226520e-01
6.716838838104849385e-01
1.883701973479034453e-01
1.883701973479042502e-01
7.368709165644845571e-01
1.040023676022777538e-01
3.462678897548880919e-01
2.530069936202197223e-01
7.028684591584414276e-01
6.237994371874201471e-01
2.530069936202197223e-01
5.444707010692776405e-01
5.870551888469324187e-01
6.716838838104848275e-01
5.657640631402454101e-01
6.918947356449934860e-01
8.506339361262393872e-01
4.533802240191162625e-01
2.530069936202199998e-01
3.462678897548878698e-01
1.976357122050146131e+00
7.914773445989263800e-01
4.103716201335398939e-01
1.883701973479037228e-01
5.725340522357276196e-01
1.883701973479044445e-01
9.744954032224814044e-01
1.010816251180787884e+00
1.338034852389451856e+00
5.025439890015744870e-01
1.883701973479047498e-01
3.174685212390900846e-01
1.883701973479039171e-01
6.713756768016115872e-01
7.927191478335158248e-01
7.633248591641982328e-01
1.883701973479041392e-01
5.934974082695788633e-01
7.135758983849703752e-01
8.014347553421072856e-01
1.883701973479042502e-01
4.533802240191164290e-01
6.359966823304057382e-01
3.419087887685633986e-01
4.649928049006167852e-01
8.693291586307398955e-01
4.035407374733990249e-01
4.035407374733992469e-01
5.262624644627872383e-01
5.262624644627872383e-01
6.545798678707320795e-01
1.112810401740811139e+00
9.335285712319936202e-01
8.863678706103668148e-01
9.537451878879870115e-01
6.104669966566018680e-01
8.526064322002846474e-01
1.166247935177688877e+00
1.052433764541627070e+00
8.879745005786205958e-01
8.236373184353112942e-01
8.448232210655243213e-01
9.856129487030701464e-01
1.400753523388899247e+00
1.485920745642968610e+00
1.409853298804303989e+00
1.301049199541367551e+00
1.148891320153767825e+00
1.425989480500406303e+00
6.167901967806354024e-01
3.932156408846168572e-01
2.673146864176525472e-01
5.960479246529326591e-01
7.833760383895504997e-01
2.673146864176522142e-01
5.048934453119694465e-01
8.013933024615773615e-01
2.673146864176522142e-01
3.303539361564477583e-01
7.987095070541537778e-01
9.679776207742971650e-01
3.303539361564474808e-01
3.932156408846165241e-01
3.303539361564477028e-01
1.090972464927206786e+00
6.267935087026352825e-01
9.305618440438530037e-01
6.206397707715076706e-01
2.558275292305469129e-01
5.234470117531799804e-01
1.271961394942882073e+00
2.673146864176525472e-01
6.488271574878835546e-01
2.673146864176519366e-01
1.203631795328750309e+00
7.004797333935555148e-01
7.301557462654963970e-01
5.452521828301205575e-01
1.241488300526099486e+00
1.520009125302196784e+00
1.353677573227248354e+00
6.956910743001067932e-01
1.138522867746714518e+00
6.335308717786765076e-01
1.025987314529128058e+00
9.263761148478285579e-01
7.053490036610489122e-01
9.471510698949050511e-01
1.281273989141761271e+00
1.505728966824959159e+00
9.464268303611009792e-01
7.437625705076709171e-01
8.178979541764317407e-01
1.409680577579303096e+00
1.615391648438164740e+00
1.143211102255699441e+00
7.031448600915751745e-01
1.408286285770295576e+00
9.491843149785404998e-01
9.050632268393118407e-01
1.306021511115832645e+00
4.549920313091169177e-01
1.077489538562782512e-01
3.154981335826504973e-01
2.464430511390048317e-01
2.987950429316279521e-01
8.158835717561070400e-01
8.509235410448311443e-01
1.611182159804511516e+00
1.070267524015337424e+00
5.161170785999819044e-01
1.558144311123267789e+00
1.102175600781908349e+00
3.154981335826505529e-01
1.207833971526848682e+00
1.117990273374178889e+00
1.256884365141291982e+00
8.606792045729582119e-01
1.284643527024316612e+00
1.453651525329520577e+00
5.630560261156039026e-01
7.700484844333710388e-01
2.436663124268333425e-01
1.688282030277808987e+00
3.402662912412712792e-01
4.081924838476190809e-01
2.436663124268335368e-01
1.226290944162959473e+00
1.201336976029665937e+00
4.759200871825667867e-01
6.770742015747965858e-01
2.436663124268335645e-01
1.751612843071449210e-01
1.771924070187024247e-01
2.464430511390048317e-01
5.562987464893012213e-01
9.422774908712067132e-01
6.423235987535126368e-01
2.781586117900342048e-01
4.171693131443879876e-01
1.090622689408928953e-01
5.223968914816412568e-01
1.250505224241229563e+00
1.015105954497821594e+00
5.606709829321998573e-01
9.133558212576440294e-01
8.195403359209498806e-01
7.774946249718240887e-01
1.314512015627755437e+00
4.139889579847993439e-01
9.782631000709136604e-01
8.698059925782812840e-01
1.316509896458988749e+00
1.686117733673502483e+00
1.686117733673504038e+00
1.627904602410946922e+00
1.304135134343296754e+00
1.824874900781039866e+00
1.562793524029558512e+00
1.356947996743954832e+00
1.189043637490606597e+00
6.426920939362139595e-01
1.855081758284156557e+00
1.846329603978864586e+00
7.582169960135592968e-01
4.269076649771781917e-01
8.346213029344947687e-01
3.596940513986965349e-01
7.857183990946949859e-01
4.269076649771781917e-01
5.214471488805925148e-01
3.119811370319963695e-01
6.187637723666393752e-01
3.596940513986966459e-01
1.060211171779074313e+00
8.525253969344955829e-01
3.801030426858631461e-01
6.691891071877665853e-01
1.044673435321906929e+00
9.783086863693881696e-01
7.146386357324747696e-01
3.209572306698332822e-01
3.209572306698335598e-01
3.859044311850473030e-01
3.859044311850468589e-01
3.062450264716394255e-01
5.931521682267001383e-01
3.209572306698336153e-01
5.059246122872143037e-01
6.462985189646272000e-01
4.359543595895820078e-01
9.190866512176880665e-01
9.562890797655629882e-01
3.209572306698336153e-01
3.209572306698333932e-01
8.106295569893106068e-01
3.711922269868521140e-01
3.209572306698336708e-01
2.558275292305469129e-01
8.519036941512669880e-01
7.285961467972251748e-01
5.387946916988917145e-01
4.106499900768499911e-01
1.008676146332767143e+00
4.659551308473087183e-01
8.500613229352788069e-01
3.996259069211752779e-01
7.086754802334518377e-01
3.051949925167117827e-01
4.388155883330299156e-01
2.383101007139034888e-01
9.244159210988994735e-01
5.882825243593065023e-01
4.546225802567773755e-01
5.607527436392564235e-01
1.589608821217824985e+00
1.079665360137379126e+00
9.207346342449947985e-01
3.337419628086434886e-01
5.683540332100547321e-01
1.414409241518763682e-01
2.821511632705318573e-01
6.517877468831003718e-01
9.489709848369554113e-01
1.414409241518763682e-01
2.382066717238074394e-01
1.414409241518763682e-01
7.158483369291901433e-02
3.148142684778917344e-01
3.446827562345588514e-01
6.407860957947733027e-01
2.609141964669117186e-01
2.357886371921165125e-01
1.414409241518763682e-01
3.337419628086434886e-01
7.159170981166271819e-01
-0.000000000000000000e+00
7.081055490819625209e-02
2.721443855874042805e-01
3.455304623841684575e-01
1.040023676022782950e-01
1.040023676022782950e-01
3.420641147487992750e-01
1.712450815226888023e-01
1.712450815226893019e-01
1.905178236166917283e-01
8.683108445370476547e-01
7.039538732912902219e-01
7.589754072062367962e-01
3.174685212390897515e-01
3.817523823999440236e-01
8.881623179814892577e-01
6.358911841565553225e-01
9.867443806171171117e-01
1.454404003193193518e+00
8.247894504156497719e-01
4.458561127785961586e-01
1.090656108723667472e+00
5.532031079496310122e-01
8.355313168947726687e-01
8.345208171258547969e-01
1.004964539039244542e+00
1.258431241678530155e+00
8.686896348395748424e-01
1.459985969353447599e+00
6.985513064792578941e-01
9.799408382475459645e-01
1.050739031626691800e+00
5.732461031387606765e-01
8.208679097177493666e-01
8.821812528279510124e-01
7.508958601922872678e-01
8.133116533256936620e-01
5.239831733482779308e-01
3.975277074346151851e-01
5.732461031387607875e-01
8.589756925573328594e-01
5.103024444613788457e-01
8.984807925821366448e-01
9.165374327303310587e-01
5.103024444613788457e-01
6.785083112901280078e-01
8.311708898557063074e-01
9.716406768469658672e-01
7.751205555937447089e-01
1.169224187251417302e+00
1.395206843569240629e+00
6.359966823304056271e-01
9.330688834968376977e-01
1.042516039617215506e+00
1.107775968028681390e+00
1.869839174112587044e+00
1.667137592091907816e+00
1.242504406274449247e+00
7.508636307731046955e-01
1.055498305405247805e+00
9.150781032482242505e-01
1.087434158935915995e+00
1.626681643766483498e+00
1.673629274975399595e+00
1.321647823116023801e+00
1.126410421410701801e+00
1.232513858854263233e+00
8.541714548920392724e-01
1.181722709696189089e+00
1.409262426995918860e+00
1.713108748305961271e+00
1.017118063135232786e+00
1.387956172774694963e+00
1.193563843360841092e+00
9.134475749386485877e-01
9.964084868771787562e-01
1.530877679534042191e+00
1.152283661528362924e+00
8.760187265322197936e-01
1.237780390404306541e+00
1.643796115403760139e+00
1.248265391065793262e+00
1.034861230275039734e+00
1.522087324416214971e+00
1.844699982148167328e+00
9.789150665004434648e-01
1.059345515925832260e+00
1.828410033247649391e+00
1.244942715876315775e+00
1.447574875720361920e+00
1.171905697957874581e+00
1.678715986566180707e+00
1.477484152332650957e+00
1.347582015806054967e+00
1.380492866279957376e+00
1.354541445958011181e+00
1.826334794781632853e+00
1.625785803544401720e+00
1.129800778537680239e+00
1.502004219679810904e+00
9.288950894083218834e-01
1.298965359118744889e+00
1.442313254705442471e+00
1.218239705567942366e+00
9.251654403097452350e-01
1.068883535885816860e+00
1.425030367302631218e+00
9.582062662579113876e-01
6.950286214253422745e-01
1.017948396578955306e+00
1.036088710859547790e+00
1.650092910719101802e+00
1.008761515308600254e+00
1.611182941956576853e+00
1.337498182934717672e+00
1.433077497365749409e+00
1.184756572474122693e+00
1.821550437283085078e+00
7.348104367152858973e-01
4.019428023979235154e-01
9.448091121543861215e-01
5.215056669646869203e-01
4.711096044895428103e-01
4.711096044895425883e-01
4.711096044895426993e-01
1.185608766614936194e+00
1.210854154303113273e+00
1.373817744130064300e+00
8.301745760415695230e-01
1.049930031290371657e+00
1.295460868539193511e+00
1.299178215840495643e+00
1.482940422092478228e+00
1.835790429909128996e+00
7.630296919237069542e-01
1.370681880893838356e+00
1.279201149096896195e+00
1.084344773962392816e+00
1.197010938201554575e+00
1.494036637715577376e+00
1.262140297767508468e+00
1.559547123321821882e+00
1.199020049782864916e+00
9.575829947893645944e-01
1.597871435512191463e+00
1.449376343899902553e+00
5.152409882443627076e-01
9.049964810299852003e-01
5.502005794991055021e-01
7.174831043637736050e-01
1.055323078052147867e+00
1.235239499002336316e+00
9.351492790874397221e-01
9.272199204712386900e-01
1.220025211532244525e+00
1.258182406870489434e+00
8.840170854240720910e-01
1.397897120506141455e+00
1.153431455152160945e+00
1.590673514921292275e+00
1.210124171990058839e+00
1.023382858313118593e+00
7.893370245884212544e-01
9.542873016997358571e-01
1.469481357701828195e+00
1.044281199351132283e+00
8.376049116046968557e-01
1.130763553773063368e+00
1.346628917841203643e+00
6.777662578079821643e-01
3.679361917686626016e-01
4.835900032506680324e-01
8.543174868632992247e-01
1.116770827124584420e+00
7.483888376450043012e-01
6.047399896829194210e-01
3.051949925167120603e-01
3.331088408582533744e-01
3.019199349243321118e-01
7.324507536639308647e-01
3.019199349243324448e-01
3.687004416760910619e-01
3.679361917686627681e-01
4.179367951885628041e-01
7.024334812092623004e-01
4.150744888726262682e-01
4.998214551717817811e-01
7.477929823921853902e-01
7.163042336676452848e-01
3.521007941384723394e-01
1.007765213031615925e+00
4.686517918128585425e-01
7.278871404042684956e-01
3.302522135619457289e-01
3.117615441596780501e-01
6.806859964513241046e-01
1.399331179559552274e-01
2.755300677282658262e-01
2.791549117448050010e-01
2.096341402359027384e-01
7.005428087549844807e-02
2.609141964669117186e-01
7.005428087549844807e-02
9.939778270839629837e-01
3.051949925167118938e-01
2.357258900083282205e-01
4.179367951885630816e-01
8.686986929571854921e-01
7.630191621675321834e-01
8.885874289740500753e-01
2.357258900083278319e-01
2.357258900083278319e-01
1.693564580868833769e-01
1.028139762346977765e-01
3.718972567385142591e-01
7.549772699976007306e-01
9.413405681297969396e-01
1.718835062006465630e+00
1.063221651356172526e+00
1.032569299163079490e+00
8.925054099561282595e-01
1.767753837981106635e+00
1.213759510208303860e+00
1.119173477276344864e+00
1.021150043521826811e+00
1.098241260914185169e+00
8.889083526208446662e-01
7.691837785520949655e-01
1.069274993259779816e+00
1.061578614231967199e+00
5.160500339439550999e-01
1.325344302121771234e+00
5.918882536647031012e-01
7.181807558720335605e-01
1.076551070802154175e+00
1.014589902081354911e+00
9.236693168901058959e-01
1.636138113153161378e+00
7.520826304079659685e-01
1.227201818766723296e+00
1.180598950168185723e+00
1.232707353078636769e+00
1.477210870159010980e+00
1.444882876911045999e+00
1.428979095398081434e+00
1.152881516932089845e+00
1.283349132778200952e+00
8.892145421027056740e-01
1.201118259219648987e+00
1.528490459799723977e+00
1.700512044238976506e+00
5.404772978809314621e-01
1.676856059488970541e+00
1.189375488385653323e+00
1.388169096687756676e+00
3.019199349243320007e-01
1.109372030689821820e+00
1.093915911128473528e+00
6.557324223553293585e-01
4.337721928187530662e-01
3.817523823999440236e-01
3.174685212390896960e-01
1.883701973479039171e-01
3.174685212390897515e-01
1.084932677452440597e+00
2.558275292305473569e-01
9.664160455543615580e-01
4.844022334257935825e-01
1.466764180191105105e+00
4.585008955657206564e-01
1.104888042549280636e+00
6.209108404920961055e-01
1.067122161584924012e+00
4.359543595895819523e-01
5.005287840461682958e-01
4.949916745772746651e-01
9.766126839665192350e-01
3.989671718271429190e-01
9.506493174636678756e-01
3.752467425247267285e-01
1.194038014315110363e+00
1.054616836454827178e+00
4.232305165789865820e-01
1.043105342853529738e+00
1.578875233843200387e+00
1.038560834048902981e+00
1.388691528227836258e+00
4.555905262282380352e-01
8.464564416711789496e-01
8.604402136162746517e-01
3.091447284592251377e-01
1.473485752005194271e+00
6.458297289529668639e-01
7.905950617995437524e-01
6.828819779617908425e-01
6.711957724958909077e-01
4.384143228014361626e-01
4.384143228014361626e-01
3.085477660219307361e-01
1.731794479169920242e-01
2.383101007139036553e-01
8.104992018960371913e-01
1.366609607269378301e+00
1.216932222480288761e+00
1.199077189880999761e+00
1.674113749705636423e+00
1.238817138318520250e+00
1.515738661626412354e+00
1.340931100328513592e+00
1.777123560960117254e+00
1.103568542714484568e+00
8.735389731562188675e-01
9.801756091370273927e-01
5.005287840461682958e-01
8.650653278581289518e-01
1.381658581805271790e+00
1.144020834051531432e+00
1.371192842327990880e+00
6.504123207677601215e-01
1.443836102656625098e+00
9.120147755591575534e-01
4.506665637877766972e-01
4.490641102413572838e-01
1.030699319116294754e+00
9.476972418239011375e-01
6.632125524408857276e-01
1.209963486144875144e+00
9.308443200210919644e-01
5.870551888469324187e-01
1.567579753849470681e+00
1.393402816860824789e+00
9.273524665241952292e-01
1.213626304208553108e+00
1.079663569686414526e+00
9.439071337469076006e-01
1.726441451364391533e+00
1.637575389757627509e+00
5.097771787241475172e-01
1.252303392775287127e+00
1.054464655905473336e+00
9.967807692746161186e-01
6.890776999567721495e-01
3.174685212390895295e-01
1.972879068028366989e+00
8.439287469770846428e-01
5.127999058088972273e-01
1.268634377314426409e+00
1.115011545797844672e+00
8.750933360383675863e-01
9.363497546517661752e-01
7.840972866295772281e-01
7.765429932725080864e-01
3.174685212390898625e-01
8.333922191941305346e-01
1.103190711589373540e+00
2.609141964669117186e-01
9.818652981895821252e-01
3.302522135619456733e-01
1.014624690729120760e+00
3.302522135619457289e-01
6.193860979412829648e-01
1.275654960422881956e+00
4.499113727219843373e-01
1.021237641470765789e+00
7.608639065933812118e-01
1.569332944429794319e+00
1.000708093271761134e+00
6.623682539421825721e-01
8.588076844491616679e-01
6.301729238841810021e-01
7.214808912278088959e-01
9.330639371626729961e-01
6.143546406540056903e-01
1.118603906300882578e+00
9.313178216638635654e-01
1.450339163884046600e+00
7.778559169941013929e-01
1.161669372303160142e+00
8.018057132433030754e-01
7.675471419412082108e-01
1.169956660390428338e+00
6.531442615298719279e-01
8.367324952465220456e-01
9.653468996255202272e-01
1.362826046106596189e+00
5.618782125580241704e-01
2.198904923781377363e-01
5.525310551057971420e-01
1.041313760495782059e+00
7.777098526014509794e-01
7.436467912603492714e-01
4.736774610508787120e-01
6.175848258773157795e-01
1.954628549466929377e-01
-0.000000000000000000e+00
1.731794479169920242e-01
5.066956509639475303e-01
1.052202284698940948e-01
3.932584425859072530e-01
1.355188304381451214e+00
1.125343175965318077e+00
9.994992217398507295e-01
2.703324170333986642e-01
9.044937545062057271e-01
6.022729582543764337e-01
2.734237845804502465e-01
3.975277074346154627e-01
8.790186877464625237e-01
1.072322225509895421e+00
1.519807024773671245e+00
1.522228615427746679e+00
8.713286356807256050e-01
1.675726180835657164e+00
1.409251398959143087e+00
5.103024444613787347e-01
7.211627550233190576e-01
6.267935087026351715e-01
9.508275361048020846e-01
1.068948777264565386e+00
5.532031079496313453e-01
8.093800197775513627e-01
5.103024444613785127e-01
3.975277074346152406e-01
9.110603237587062697e-01
8.925642504230548724e-01
1.110531253103176796e+00
1.014730898753281485e+00
9.800733247405336579e-01
9.149576203967656474e-01
1.118575609930164250e+00
9.182860829489647436e-01
5.732461031387608985e-01
8.926994166333613867e-01
1.178085815388338897e+00
4.608492275647085301e-01
5.452521828301207796e-01
1.021920254468295486e+00
6.833733123714966773e-01
7.576098424060873082e-01
5.967554273543355103e-01
8.393105870268547930e-01
9.194797371009970632e-01
1.097740163358360777e+00
9.272153432166529985e-01
1.679548986821935763e+00
9.698610437802501760e-01
9.793016726642695957e-01
1.174998010789458869e+00
5.870551888469325297e-01
1.292486815331127747e+00
1.495062759743642111e+00
9.886028985255884693e-01
3.711922269868525026e-01
1.095367182808684170e+00
1.010816251180787884e+00
1.032287363516322998e+00
7.788490320719633209e-01
3.672312457887391135e-01
1.883701973479041392e-01
1.192883710985505941e+00
1.153587384968047802e+00
4.168138395561861165e-01
5.183965023951425666e-01
7.135334605308254474e-01
4.851107487616598268e-01
3.932156408846165241e-01
1.083675959460172145e+00
6.068676276055600116e-01
6.777662578079821643e-01
4.851107487616597158e-01
4.423942825861643113e-01
1.927182210942383622e-01
1.927182210942384455e-01
4.537290635973261210e-01
4.645773901820986485e-01
1.111107906358145270e+00
2.673146864176523807e-01
1.218846376087188599e+00
1.233263778472159178e+00
5.855732203178686257e-01
9.892228142897958598e-01
5.048934453119697796e-01
7.221532839496122014e-01
6.501223279879837502e-01
6.346038892506058460e-01
3.021668616424670883e-01
1.163905055768531760e+00
5.171037076540768718e-01
6.723375999787017943e-01
1.040764328013360940e+00
1.053263809906458182e+00
1.324834863148007358e+00
1.126871399927960926e+00
1.371535303714477516e+00
1.469136403844307104e+00
1.509483057385283766e+00
1.367787929776362876e+00
6.649334573789651426e-01
6.265127199283799797e-01
6.587647128468384627e-01
6.906013489519842175e-01
6.906013489519839954e-01
2.530069936202197778e-01
1.883701973479044445e-01
4.103716201335396163e-01
8.624704915058114540e-01
3.174685212390896960e-01
6.017478652742305201e-01
1.883701973479045555e-01
3.672312457887391135e-01
8.635214326649933714e-01
1.208786596327189322e+00
5.589918376804823286e-01
9.111716218617093022e-01
1.021152443837922474e+00
1.033705186116406383e+00
9.349044842481684103e-01
1.566991559817169088e+00
1.170897612832462187e+00
1.038316560663270938e+00
4.179489513760936692e-01
4.103716201335397273e-01
7.542345395275021902e-01
7.064158722561981740e-01
1.050219629295858548e+00
3.174685212390897515e-01
1.225089571292258483e+00
8.411624985724567294e-01
9.417364798278579086e-01
7.028684591584413166e-01
4.313349761673910265e-01
7.817428167826759866e-01
8.109719490261224628e-01
3.174685212390897515e-01
7.678900793175358341e-01
9.739522280233173790e-01
7.546623293993403037e-01
5.931521682266999163e-01
5.802851997514504312e-01
4.313349761673908045e-01
1.883701973479034453e-01
3.462678897548877588e-01
5.444707010692774185e-01
1.040023676022782950e-01
1.712450815226889966e-01
1.123625879550699036e+00
1.040023676022782811e-01
3.331088408582534854e-01
1.712450815226893019e-01
4.499113727219842263e-01
7.616534912811401270e-01
5.764388954986257030e-01
2.222663425885793853e-01
3.724863644068965862e-01
5.528064556549387998e-01
2.383101007139036553e-01
2.891512343913876792e-01
8.215636545701907600e-01
7.378039710498787151e-01
6.370608181031937045e-01
6.528628299021801418e-01
6.587647128468382407e-01
4.168138395561861720e-01
1.317295470559368464e+00
7.852747764429439670e-01
7.990657337456927856e-01
8.591200447590795486e-01
8.114911660117604120e-01
1.570248811707891212e+00
3.817523823999436905e-01
7.360534432123900794e-01
6.732858494580431508e-01
8.247894504156499940e-01
7.620218566613030653e-01
1.010019697382629866e+00
1.451508079975103005e+00
5.444707010692773075e-01
9.618154936151979140e-01
7.438054811607152095e-01
7.742618857717512570e-01
6.569463361993148620e-01
6.903211570815355191e-01
9.404304453059869617e-01
5.446601779107617114e-01
-0.000000000000000000e+00
8.867145938398588445e-01
4.635331971189434741e-01
2.728296034947806925e-01
-0.000000000000000000e+00
1.165282707440641108e+00
5.410398733654764314e-01
1.384598567209139874e-01
-0.000000000000000000e+00
6.931537170094149991e-02
6.053607542962954335e-01
1.349532100637893306e+00
7.631383353225333899e-01
7.445826463296052466e-01
1.096359930569065000e+00
3.268410721098413685e-01
4.686517918128585425e-01
6.866469104574299820e-01
6.429448541581275212e-01
1.384598567209139874e-01
9.331876911652082773e-01
2.074311764366895683e-01
6.931537170094149991e-02
9.408982614179148829e-01
8.571272875097479815e-01
6.741628621050349546e-01
9.145250738653656342e-01
1.032032223564464113e+00
8.933480732490900467e-01
1.095337438343021663e+00
2.791549117448050010e-01
4.866103295335560408e-01
1.337421894869049721e+00
1.192467129013949467e+00
3.484929288398390113e-01
9.766041867682940802e-01
1.001927631073842528e+00
8.341285102555159314e-01
2.791549117448050010e-01
1.074172367693109864e+00
8.765158793331617737e-01
5.933129050517109704e-01
4.687672581998796884e-01
5.148515556529550397e-01
6.523652517412139584e-01
9.408711045784545757e-01
8.034723359169904100e-01
9.264927225597289207e-01
6.405470514299435036e-01
1.247462014824690213e+00
5.320768268681868030e-01
6.016471366995401748e-01
5.663618939831055465e-01
3.346173932113242211e-01
6.740288813408528146e-01
2.501247721783552147e-01
1.256074697667870499e+00
5.224216571659910935e-01
